José Abreu,1,4,0,0,0,0,0,2,0,0,0,0,0,0
Ronald Acuña_Jr.,2,4,0,0,0,0,1,1,0,0,0,0,1,0
Willy Adames,1,4,0,0,0,0,0,2,0,0,0,0,0,0
Ehire Adrianza,0,1,0,0,0,0,0,0,0,0,0,0,0,0
Jesús Aguilar,2,4,0,0,0,0,0,0,0,0,0,0,0,0
Hanser Alberto,0,1,0,0,0,0,0,0,0,0,0,0,0,0
Ozzie Albies,0,5,0,0,0,0,0,1,0,0,0,0,0,0
Jorge Alfaro,1,3,0,0,0,1,0,1,0,0,0,0,0,0
Anthony Alford,0,3,1,0,0,1,2,3,0,0,1,0,0,0
Jose Altuve,1,4,2,0,0,0,1,0,0,0,0,0,0,0
Yordan Alvarez,1,3,0,0,3,0,0,0,1,1,0,0,1,0
Brian Anderson,0,3,0,0,0,0,0,0,0,0,0,0,0,0
Tim Anderson,1,4,1,0,0,0,0,2,0,0,0,0,0,0
Elvis Andrus,1,3,0,0,0,0,0,1,0,0,0,0,1,0
Aristides Aquino,0,3,0,0,0,0,0,1,0,0,0,0,0,0
Orlando Arcia,0,2,0,0,1,0,0,0,0,0,0,0,0,0
Nolan Arenado,2,5,1,0,1,0,0,2,0,0,0,0,0,0
Randy Arozarena,1,4,0,0,0,0,0,1,0,0,0,0,0,0
Luis Arraez,2,5,0,0,1,0,1,1,0,0,0,0,0,0
Willians Astudillo,0,1,0,0,0,0,0,1,0,0,0,0,0,0
Javier Báez,0,4,0,0,0,0,0,3,0,0,0,0,0,0
Austin Barnes,0,2,0,0,0,0,2,0,0,0,0,0,0,0
Tucker Barnhart,0,1,1,0,0,0,0,0,1,0,0,0,0,0
Jake Bauers,0,1,0,0,0,0,0,0,0,0,0,0,0,0
Matt Beaty,0,1,0,0,0,0,0,1,0,0,0,0,0,0
Cody Bellinger,2,4,1,0,1,0,1,0,0,0,0,0,1,0
Brandon Belt,1,4,0,0,1,0,1,0,0,0,0,1,0,0
Andrew Benintendi,1,5,2,0,0,0,1,2,0,0,0,0,0,0
Mookie Betts,2,6,1,0,0,0,0,1,0,0,0,0,1,0
Bo Bichette,0,4,0,0,0,0,0,2,0,0,0,0,0,0
Cavan Biggio,0,5,0,0,0,0,0,3,0,0,0,0,0,0
Charlie Blackmon,0,3,1,0,0,0,1,1,0,0,0,0,0,0
Alex Blandino,0,1,0,0,0,0,0,1,0,0,0,0,0,0
Alec Bohm,0,3,0,0,1,0,1,1,0,1,0,0,0,0
David Bote,0,1,0,0,0,0,1,1,0,0,0,0,0,0
Jackie Bradley Jr,0,1,0,0,0,0,0,0,0,0,0,0,0,0
Michael Brantley,3,4,2,1,1,0,1,0,0,0,0,0,1,0
Alex Bregman,2,4,2,1,2,0,1,0,0,0,0,1,1,0
Jay Bruce,0,3,0,0,0,0,1,1,0,0,0,0,0,0
Kris Bryant,0,3,0,0,0,0,1,1,0,0,0,0,0,0
Byron Buxton,1,3,1,1,2,1,2,2,0,0,0,0,0,0
Asdrúbal Cabrera,2,5,1,1,3,0,0,1,0,0,0,0,0,0
Miguel Cabrera,1,4,1,1,2,0,0,0,0,0,0,0,0,0
Lorenzo Cain,1,5,1,0,0,0,0,1,0,0,0,0,0,0
Jeimer Candelario,1,4,1,0,0,0,0,3,0,0,0,0,0,0
Mark Canha,1,4,0,0,0,0,0,1,0,0,0,0,0,0
Victor Caratini,2,4,0,0,3,0,0,1,0,0,0,0,0,0
Dylan Carlson,1,3,1,1,3,0,1,2,0,0,0,0,0,0
Matt Carpenter,0,1,0,0,0,0,0,1,0,0,0,0,0,0
Nick Castellanos,3,5,2,1,2,0,0,0,0,0,0,0,1,0
Harold Castro,0,0,0,0,0,0,0,0,0,0,0,0,0,0
Willi Castro,1,4,0,0,0,0,0,1,0,0,0,0,0,0
Jake Cave,0,4,1,0,0,0,1,3,0,0,0,0,0,0
Yu Chang,0,2,0,0,0,0,0,0,0,0,0,0,0,0
Matt Chapman,0,3,0,0,1,0,0,2,0,1,0,0,0,0
Jazz Chisholm_Jr.,0,3,0,0,0,0,0,0,0,0,0,0,0,0
Zack Collins,0,4,0,0,0,0,0,0,0,0,0,0,0,0
Willson Contreras,0,3,2,0,1,1,0,1,0,1,0,0,0,0
Garrett Cooper,0,0,0,0,0,0,1,0,0,0,0,0,0,0
Carlos Correa,1,3,0,0,0,0,1,0,1,0,0,0,0,0
Brandon Crawford,0,4,0,0,0,0,0,0,0,0,0,0,0,0
J.P. Crawford,0,3,1,0,0,0,1,1,0,0,0,1,0,0
C.J. Cron,2,4,2,0,0,0,0,0,0,0,0,0,1,0
Jake Cronenworth,2,2,3,0,0,0,2,0,0,0,0,0,0,1
Nelson Cruz,0,1,0,0,0,0,0,1,0,0,0,0,0,0
Travis d'Arnaud,1,4,0,0,0,0,0,2,0,0,0,0,0,0
David Dahl,3,5,2,0,0,0,1,2,0,0,0,0,1,0
Jonathan Davis,0,0,1,0,0,0,0,0,0,0,0,0,0,0
Yonathan Daza,0,1,0,0,0,0,0,0,0,0,0,0,0,0
Paul DeJong,1,5,1,0,1,0,0,1,0,0,0,0,0,0
Elias Díaz,1,4,0,0,0,0,0,2,0,0,0,0,0,0
Yandy Díaz,0,3,0,0,0,0,0,1,1,0,0,0,0,0
Alex Dickerson,1,1,1,1,1,0,0,0,0,0,0,0,0,0
Corey Dickerson,0,4,0,0,0,0,0,0,0,0,0,0,0,0
Josh Donaldson,1,1,0,0,0,0,0,0,0,0,0,0,1,0
Hunter Dozier,0,4,1,0,1,0,1,2,0,0,0,0,0,0
Mauricio Dubón,0,4,0,0,0,0,0,0,0,0,0,0,0,0
Matt Duffy,0,1,0,0,0,0,0,0,0,0,0,0,0,0
Adam Duvall,0,4,0,0,0,0,0,1,0,0,0,0,0,0
Adam Eaton,1,4,1,1,2,0,0,1,0,0,0,0,0,0
Tommy Edman,1,5,1,0,0,0,0,0,0,0,0,0,0,0
Eduardo Escobar,0,4,1,0,0,0,0,2,0,0,0,0,0,0
Phillip Evans,0,0,0,0,0,0,0,0,1,0,0,0,0,0
Kyle Farmer,0,1,0,0,0,0,0,1,0,0,0,0,0,0
David Fletcher,1,4,1,0,0,0,0,2,0,0,0,0,0,0
Wilmer Flores,2,5,1,0,1,0,0,0,0,0,0,0,2,0
Dexter Fowler,0,3,0,0,0,0,0,3,0,0,0,0,0,0
Dustin Fowler,1,1,0,0,0,1,0,0,0,0,0,0,0,0
Jake Fraley,0,1,0,0,1,0,3,0,1,0,0,0,0,0
Ty France,1,4,1,0,1,0,1,2,0,0,0,0,0,0
Adam Frazier,2,4,1,0,2,1,2,0,0,0,0,1,1,0
Clint Frazier,2,3,0,0,0,0,1,0,0,0,0,0,0,0
Freddie Freeman,0,4,0,0,0,0,1,0,0,0,0,1,0,0
Josh Fuentes,1,5,0,0,1,0,0,1,0,0,0,0,0,0
Joey Gallo,2,3,1,0,2,1,3,0,0,0,0,0,0,0
Ben Gamel,0,1,0,0,0,0,1,1,0,0,0,0,0,0
Avisaíl García,2,5,0,0,0,0,0,1,0,0,0,0,0,0
Leury García,0,4,0,0,0,0,0,2,0,0,0,0,0,0
Robel García,0,0,1,0,0,0,0,0,0,0,0,0,0,0
Brett Gardner,0,0,0,0,0,0,0,0,0,0,0,0,0,0
Kyle Garlick,0,1,0,0,0,0,0,0,0,0,0,0,0,0
Mitch Garver,0,5,0,0,0,0,0,3,0,0,0,0,0,0
Andrés Giménez,0,4,0,0,0,0,0,1,0,0,0,0,0,0
Paul Goldschmidt,4,5,3,0,1,0,0,0,0,0,0,0,2,0
Erik González,0,1,0,0,0,0,0,0,0,0,0,0,0,0
Yasmani Grandal,0,3,0,0,0,0,1,1,0,0,0,0,0,0
Didi Gregorius,1,4,0,0,0,0,1,3,0,0,0,0,0,0
Randal Grichuk,2,4,0,0,1,0,0,1,0,0,1,0,1,0
Robbie Grossman,0,1,0,0,0,1,3,0,0,0,0,0,0,0
Vladim Guerrero_Jr.,1,2,0,0,0,0,2,0,0,0,0,0,0,0
Yuli Gurriel,1,4,0,0,0,0,1,1,0,0,0,1,0,0
Lourdes Gurriel_Jr.,1,4,0,0,1,0,0,2,0,0,0,0,0,0
Garrett Hampson,1,3,2,0,1,0,1,0,0,0,0,0,0,0
Mitch Haniger,1,5,1,0,0,0,0,0,0,0,0,0,0,0
Ian Happ,0,3,0,0,0,0,1,1,0,0,0,0,0,0
Bryce Harper,1,4,1,0,0,0,1,1,0,0,0,0,0,0
Adam Haseley,1,3,0,0,0,0,0,1,0,0,0,0,0,0
Ke'Bryan Hayes,1,5,1,1,2,0,1,1,0,0,0,0,0,0
César Hernández,1,4,0,0,0,0,1,0,0,0,0,0,1,0
Teoscar Hernández,3,4,2,1,1,0,0,1,0,0,0,0,0,0
Jason Heyward,0,4,0,0,0,0,0,3,0,0,0,0,0,0
Aaron Hicks,0,4,0,0,0,0,1,3,0,0,0,0,0,0
Kyle Higashioka,0,0,0,0,0,0,0,0,0,0,0,0,0,0
Keston Hiura,0,5,1,0,0,0,0,2,0,0,0,0,0,0
Brock Holt,1,2,0,0,0,0,3,0,0,0,0,0,0,0
Rhys Hoskins,1,5,1,0,0,0,0,3,0,0,0,1,1,0
Eric Hosmer,3,4,1,1,3,0,0,1,0,0,0,0,1,0
José Iglesias,0,4,0,0,0,0,0,0,0,0,0,0,0,0
Jonathan India,2,4,0,0,0,0,0,1,0,0,0,0,1,0
Kyle Isbel,3,5,1,0,2,0,0,2,0,0,0,0,0,0
Danny Jansen,1,4,0,0,0,0,0,2,0,0,0,0,0,0
JaCoby Jones,1,3,0,0,1,0,0,1,0,0,0,0,1,0
Aaron Judge,1,5,0,0,0,0,0,2,0,0,0,0,0,0
Carson Kelly,1,1,0,0,0,0,0,0,0,0,0,0,0,0
Max Kepler,3,5,1,0,1,0,0,0,0,0,0,0,1,1
Kevin Kiermaier,1,4,0,0,0,0,0,2,0,0,0,0,0,0
Ha-Seong Kim,0,1,0,0,0,0,0,1,0,0,0,0,0,0
Isiah Kiner-Falefa,1,5,3,0,0,0,1,0,0,0,0,1,1,0
Ramón Laureano,2,4,1,0,0,1,0,0,0,0,0,0,1,0
DJ LeMahieu,0,4,0,0,0,0,1,0,0,0,0,0,0,0
Tim Locastro,1,2,1,1,2,0,0,0,0,0,0,0,0,0
Evan Longoria,2,4,1,1,1,0,1,2,0,0,0,0,0,0
Nicky Lopez,2,4,1,0,1,0,0,0,0,1,0,0,0,0
Brandon Lowe,1,3,0,0,0,0,1,1,0,0,0,0,1,0
Nate Lowe,2,6,1,0,4,0,0,3,0,0,0,0,1,0
Jed Lowrie,0,3,0,0,0,0,1,1,0,0,0,0,0,0
Jordan Luplow,0,3,0,0,0,0,0,1,0,0,0,0,0,0
Gavin Lux,2,4,0,0,1,0,0,1,0,0,0,0,0,0
Manny Machado,0,5,0,0,0,0,0,1,0,0,0,0,0,0
Nick Madrigal,1,3,0,0,0,0,0,0,0,0,1,1,0,0
Martín Maldonado,0,4,0,0,0,0,0,2,0,0,0,0,0,0
Tucupita Marcano,0,0,1,0,0,0,1,0,0,0,0,0,0,0
Manuel Margot,0,2,0,0,0,0,0,0,0,0,0,0,0,0
José Marmolejos,0,1,0,0,1,0,0,0,0,0,0,0,0,0
Ketel Marte,4,5,2,1,1,0,0,1,0,0,0,0,1,0
Starling Marte,0,4,0,0,0,0,0,4,0,0,0,0,0,0
Wyatt Mathisen,0,1,0,0,0,0,0,1,0,0,0,0,0,0
Nomar Mazara,0,4,0,0,0,0,0,2,0,0,0,0,0,0
Chas McCormick,0,0,0,0,0,0,0,0,0,0,0,0,0,0
Andrew McCutchen,1,4,1,0,0,0,1,2,0,0,0,0,0,0
Billy McKinney,1,1,0,0,0,0,0,0,0,0,0,0,0,0
Zach McKinstry,1,1,1,0,0,0,0,0,0,0,0,0,1,0
Ryan McMahon,0,1,0,0,0,0,0,0,0,0,0,0,0,0
Austin Meadows,1,4,1,1,1,0,0,1,0,0,0,0,0,0
Whit Merrifield,3,5,2,1,2,0,0,0,0,1,0,0,0,0
Brad Miller,0,1,0,0,0,0,0,0,0,0,0,0,0,0
Yadier Molina,0,4,1,0,1,0,0,0,0,0,0,0,0,0
Yoán Moncada,2,3,0,0,0,0,1,1,0,0,0,0,1,0
Dylan Moore,1,3,1,0,3,0,1,1,0,1,0,0,1,0
Colin Moran,0,2,1,0,0,0,3,1,0,0,0,0,0,0
Mitch Moreland,0,2,0,0,0,0,1,0,0,0,0,0,0,0
Mike Moustakas,0,2,0,0,1,0,2,0,0,1,0,0,0,0
Max Muncy,2,4,0,0,1,0,1,1,0,0,0,0,0,1
Sean Murphy,0,3,0,0,0,0,0,2,1,0,0,0,0,0
Tom Murphy,0,3,0,0,0,0,0,2,0,0,0,0,0,0
Wil Myers,1,3,2,1,1,0,1,0,0,0,0,0,0,0
Tyler Naquin,0,1,0,0,0,0,0,0,0,0,0,0,0,0
Omar Narváez,2,5,0,0,1,0,0,1,0,0,0,0,0,0
Josh Naylor,1,4,0,0,0,0,0,1,0,0,0,0,0,0
Kevin Newman,2,5,0,0,0,0,0,0,0,0,0,0,0,0
Tyler O'Neill,1,4,2,1,2,0,0,1,1,0,0,0,0,0
Shohei Ohtani,0,4,1,0,0,0,0,1,0,0,0,0,0,0
Matt Olson,0,3,0,0,0,0,1,2,0,0,0,0,0,0
Chris Owings,3,3,3,0,1,2,1,0,0,0,0,0,0,1
Marcell Ozuna,1,5,0,0,0,0,0,2,0,0,0,0,0,0
Cristian Pache,1,4,1,0,0,0,0,2,0,0,0,0,1,0
Joc Pederson,0,2,0,0,1,0,1,2,0,1,0,0,0,0
David Peralta,0,5,0,0,0,0,0,1,0,0,0,0,0,0
Michael Perez,0,1,0,0,0,0,0,1,0,0,0,0,0,0
Roberto Pérez,1,2,1,1,2,0,2,1,0,0,0,0,0,0
Salvador Perez,0,4,2,0,1,0,1,2,1,0,0,0,0,0
Tommy Pham,1,4,0,0,0,0,0,1,1,0,0,0,0,0
Chad Pinder,2,4,0,0,0,0,0,1,0,0,0,0,0,0
Gregory Polanco,0,4,1,0,0,0,1,2,0,0,0,0,0,0
Jorge Polanco,0,4,0,0,0,0,1,2,0,0,0,0,0,0
Buster Posey,1,4,1,1,1,0,1,0,0,0,0,0,0,0
Jurickson Profar,0,2,0,0,1,0,1,0,0,1,0,0,0,0
Albert Pujols,0,4,0,0,1,0,0,0,0,0,0,0,0,0
Roman Quinn,0,1,0,0,0,0,0,1,0,0,0,0,0,0
José Ramírez,1,3,0,0,0,0,1,0,0,0,0,1,0,0
Wilson Ramos,0,3,0,0,0,0,1,3,0,0,0,0,0,0
J.T. Realmuto,2,4,0,0,1,0,0,0,1,0,0,0,1,0
Anthony Rendon,1,3,0,0,0,0,1,1,0,0,0,0,0,0
Franmil Reyes,0,3,0,0,0,0,1,0,0,0,0,0,0,0
Victor Reyes,0,4,1,0,0,0,0,2,0,0,0,0,0,0
Bryan Reynolds,1,4,0,0,0,0,1,0,0,0,0,0,0,0
Austin Riley,1,3,0,0,0,0,0,0,1,0,0,0,0,0
Edwin Ríos,0,1,0,0,0,0,0,1,0,0,0,0,0,0
Anthony Rizzo,1,3,0,0,1,0,0,1,0,1,0,0,1,0
Luis Robert,1,4,1,0,0,1,0,1,0,0,0,0,1,0
Daniel Robertson,0,1,0,0,0,0,0,0,0,0,0,0,0,0
Josh Rojas,0,5,0,0,0,0,0,3,0,0,0,0,0,0
Miguel Rojas,0,3,0,0,0,0,0,1,0,0,0,0,0,0
Amed Rosario,1,1,1,0,0,0,0,0,0,0,0,0,0,0
Eddie Rosario,1,4,0,0,0,0,0,0,0,0,0,0,0,0
Miguel Sanó,1,4,1,0,0,0,1,3,0,0,0,0,0,0
Gary Sánchez,2,3,1,1,2,0,1,0,0,0,0,0,0,0
Pablo Sandoval,1,1,1,1,2,0,0,0,0,0,0,0,0,0
Carlos Santana,1,3,2,0,1,0,3,0,0,0,0,0,0,0
Jonathan Schoop,1,3,0,0,0,0,1,2,0,0,0,0,0,0
Corey Seager,2,3,0,0,1,0,2,0,0,0,0,1,0,0
Kyle Seager,1,4,1,0,0,0,1,0,0,0,0,0,1,0
Jean Segura,2,5,0,0,1,1,0,0,0,0,0,0,0,0
Marcus Semien,0,5,0,0,0,0,0,2,0,0,0,0,0,0
Nick Senzel,0,1,0,0,0,0,0,1,0,0,0,0,0,0
Travis Shaw,2,4,0,0,3,0,1,0,0,0,0,0,1,0
Magneuris Sierra,0,1,0,0,0,0,0,1,0,0,0,0,0,0
Andrelton Simmons,2,4,1,0,0,0,1,1,0,0,0,1,0,0
Austin Slater,1,3,1,1,1,0,1,1,0,0,0,0,0,0
Pavin Smith,1,2,0,0,0,0,0,0,0,0,0,0,1,0
Will Smith,0,0,0,0,0,0,0,0,1,0,0,0,0,0
Eric Sogard,1,2,1,0,0,0,0,0,0,0,0,0,1,0
Nick Solak,1,5,2,0,1,0,0,3,1,0,0,0,0,0
Donovan Solano,2,5,2,0,0,0,0,1,0,0,0,0,1,0
Jorge Soler,2,2,2,1,2,0,2,0,1,0,0,0,0,0
Jacob Stallings,2,4,0,0,1,0,1,2,0,0,0,1,1,0
Giancarlo Stanton,0,5,0,0,0,0,0,3,0,0,0,0,0,0
Max Stassi,2,3,1,1,1,0,0,1,0,0,0,0,0,0
Tyler Stephenson,1,3,0,0,0,0,0,0,0,0,0,0,0,0
Trevor Story,2,5,0,0,0,0,0,0,0,0,1,0,0,0
Myles Straw,0,4,0,0,0,0,0,1,0,0,0,0,0,0
Eugenio Suárez,1,3,1,1,1,0,2,1,0,0,0,2,0,0
Dansby Swanson,0,4,0,0,0,0,0,1,0,0,0,0,0,0
Raimel Tapia,1,5,0,0,2,0,0,0,0,0,0,0,0,0
Fernando Tatis_Jr.,1,5,1,0,0,0,0,3,0,0,0,1,0,0
Mike Tauchman,0,0,0,0,0,2,0,0,0,0,0,0,0,0
Leody Taveras,0,5,0,0,0,0,0,4,0,0,0,1,0,0
Chris Taylor,1,3,0,0,0,0,2,1,0,0,0,0,0,0
Michael A.,3,5,1,1,3,0,0,0,0,0,0,0,0,0
Rowdy Tellez,0,4,0,0,0,0,0,0,0,0,0,0,0,0
Ka'ai Tom,0,1,0,0,0,0,0,0,0,0,0,0,0,0
Luis Torrens,0,0,0,0,0,0,0,0,0,0,0,0,0,0
Gleyber Torres,1,4,1,0,0,0,1,2,0,0,0,0,0,0
Taylor Trammell,0,3,1,0,1,0,2,1,0,0,0,0,0,0
Jose Trevino,3,5,1,0,0,0,0,2,0,0,0,1,0,0
Mike Trout,1,2,1,0,1,0,2,1,0,0,0,0,0,0
Yoshi Tsutsugo,0,3,0,0,0,0,1,1,0,0,0,0,0,0
Kyle Tucker,0,3,1,0,1,0,1,1,0,1,0,0,0,0
Justin Turner,1,4,1,0,1,0,0,0,0,1,0,1,0,0
Justin Upton,1,3,0,0,1,0,1,1,0,0,0,0,0,0
Luis Urías,0,2,0,0,0,0,0,0,0,0,0,0,0,0
Gio Urshela,0,4,0,0,0,0,0,2,0,0,0,0,0,0
Daniel Vogelbach,0,1,0,0,0,0,0,0,0,0,0,0,0,0
Stephen Vogt,1,4,1,1,1,0,0,2,0,0,0,0,0,0
Joey Votto,1,5,0,0,1,0,0,0,0,0,0,0,0,0
Tyler Wade,0,0,0,0,0,0,0,0,0,0,0,0,0,0
Christian Walker,1,4,1,0,0,0,1,0,0,0,0,0,0,0
Eli White,2,4,0,0,2,0,1,2,0,0,0,0,0,0
Evan White,1,5,2,0,0,0,0,2,0,0,0,0,1,0
Justin Williams,0,4,0,0,0,0,0,0,0,0,0,0,0,0
Jesse Winker,2,4,2,0,0,0,1,2,0,0,0,0,1,0
Kolten Wong,1,3,2,0,0,0,1,2,1,0,0,0,0,0
Mike Yastrzemski,0,5,0,0,0,0,0,3,0,0,0,0,0,0
Christian Yelich,2,4,2,0,1,0,0,1,1,0,0,0,0,0
Mike Zunino,0,3,0,0,0,0,1,1,0,0,0,0,0,0
