José Abreu,2,4,2,1,4,0,1,1,0,0,0,1,0,0
Willy Adames,0,0,0,0,0,0,0,0,0,0,0,0,0,0
Jesús Aguilar,1,3,0,0,0,0,1,1,0,0,0,0,0,0
Jorge Alfaro,0,3,1,0,0,0,1,0,0,0,0,0,0,0
Jose Altuve,3,3,4,0,0,0,2,0,0,0,0,0,0,0
Yordan Alvarez,1,5,0,0,0,0,0,3,0,0,0,0,1,0
Brian Anderson,1,4,0,0,0,0,0,1,0,0,0,0,0,0
Tim Anderson,1,5,2,1,1,0,0,0,0,0,0,0,0,0
Elvis Andrus,0,4,0,0,0,0,0,0,0,0,0,0,0,0
Randy Arozarena,1,4,0,0,0,0,0,1,0,0,0,0,0,0
Matt Beaty,0,1,0,0,0,0,0,0,0,0,0,0,0,0
Cody Bellinger,1,5,1,0,1,0,0,1,0,0,0,0,0,1
Brandon Belt,0,0,0,0,0,0,1,0,0,0,0,0,0,0
Jon Berti,0,1,0,0,0,0,0,0,0,0,0,0,0,0
Mookie Betts,2,5,2,0,0,0,0,0,1,0,0,0,1,0
Charlie Blackmon,1,4,1,1,2,0,0,1,0,0,0,0,0,0
Xander Bogaerts,0,4,0,0,0,0,0,1,0,0,0,0,0,0
Michael Brantley,3,5,2,0,1,0,0,1,0,0,0,0,3,0
Alex Bregman,2,4,2,1,3,0,1,1,0,0,0,0,0,0
Lewis Brinson,0,1,0,0,0,0,0,0,0,0,0,0,0,0
Asdrúbal Cabrera,1,3,0,0,0,0,1,1,0,0,0,0,0,0
Luis Campusano,1,3,0,0,0,0,1,1,0,0,0,0,0,0
Mark Canha,1,4,1,0,0,0,0,1,1,0,0,0,0,0
Matt Chapman,0,3,0,0,0,0,1,1,0,0,0,0,0,0
Jazz Chisholm_Jr.,2,3,1,0,0,0,1,0,0,0,0,0,0,1
Garrett Cooper,0,4,0,0,0,0,0,2,0,0,0,0,0,0
Carlos Correa,0,5,0,0,0,0,0,3,0,0,0,0,0,0
Brandon Crawford,0,3,1,0,0,1,1,1,0,0,0,0,0,0
J.P. Crawford,1,3,0,0,0,0,0,1,0,0,0,0,0,0
C.J. Cron,0,2,1,0,0,0,2,0,0,0,0,0,0,0
Jake Cronenworth,1,3,0,0,0,0,1,1,0,0,1,0,1,0
Bobby Dalbec,0,3,0,0,0,0,0,2,0,0,0,0,0,0
Rafael Devers,0,2,0,0,0,0,1,0,0,0,0,0,0,0
Yandy Díaz,1,4,1,0,0,0,0,0,0,0,0,0,0,0
Alex Dickerson,0,2,0,0,0,0,0,1,0,0,0,0,0,0
Corey Dickerson,1,1,1,0,1,0,0,0,0,0,0,0,1,0
Mauricio Dubón,1,2,0,0,0,0,0,0,0,0,0,0,0,0
Adam Duvall,0,4,0,0,0,0,0,2,0,0,0,0,0,0
Adam Eaton,1,4,2,0,1,0,1,2,0,0,0,1,0,0
Eduardo Escobar,0,4,0,0,0,0,0,2,0,0,0,0,0,0
David Fletcher,1,4,2,0,0,0,1,1,0,0,0,0,0,0
Wilmer Flores,1,3,0,0,0,0,0,0,0,0,0,0,0,0
Dexter Fowler,1,4,1,0,0,0,0,1,0,0,0,0,0,0
Jake Fraley,1,3,1,0,0,0,1,1,0,0,0,0,1,0
Ty France,1,2,1,0,0,0,2,1,0,0,0,0,1,0
Maikel Franco,1,4,0,0,0,0,0,0,0,0,0,1,0,0
Josh Fuentes,0,4,0,0,0,0,0,3,0,0,0,0,0,0
Freddy Galvis,1,4,0,0,0,0,0,0,0,0,0,0,1,0
Aramis Garcia,0,3,0,0,0,0,1,1,0,0,0,0,0,0
Marwin Gonzalez,0,3,0,0,0,0,0,0,0,0,0,0,0,0
Yasmani Grandal,2,5,2,0,2,0,0,0,0,0,0,0,1,0
Yuli Gurriel,3,3,1,1,1,0,2,0,0,0,0,0,0,0
Billy Hamilton,0,0,1,0,0,0,1,0,0,0,0,0,0,0
Garrett Hampson,0,2,0,0,0,0,0,1,0,0,0,0,0,0
Mitch Haniger,1,4,1,0,0,0,0,2,0,0,0,0,0,0
Austin Hays,0,4,0,0,0,0,0,3,0,0,0,0,0,0
Kiké Hernández,1,4,0,0,0,0,0,1,0,0,0,1,0,0
Sam Hilliard,1,3,1,1,1,0,0,1,0,0,0,0,0,0
Eric Hosmer,3,3,2,1,3,0,1,0,0,0,0,0,0,0
José Iglesias,1,4,0,0,0,0,0,1,0,0,0,0,0,0
Carson Kelly,2,3,0,0,0,0,0,1,0,0,0,0,0,0
Tony Kemp,1,2,0,0,0,0,0,1,0,0,0,0,0,0
Kevin Kiermaier,0,2,0,0,0,0,0,2,0,0,0,0,0,0
Tommy La Stella,0,1,0,0,0,0,0,0,0,0,0,0,0,0
Ramón Laureano,1,3,1,0,1,0,0,0,0,0,0,0,0,1
Tim Locastro,1,4,1,0,0,1,1,2,0,0,0,0,0,0
Evan Longoria,2,3,1,1,3,0,1,1,0,0,0,0,0,0
Brandon Lowe,1,4,1,0,0,0,0,2,0,0,0,1,0,0
Jed Lowrie,2,3,1,0,0,0,1,0,0,0,0,0,0,0
Gavin Lux,2,5,1,0,1,0,0,1,0,0,0,0,0,1
Manny Machado,0,2,1,0,0,0,2,0,0,0,0,0,0,0
Nick Madrigal,1,5,0,0,0,0,0,1,0,0,0,0,0,0
Martín Maldonado,0,5,0,0,0,0,0,3,0,0,0,0,0,0
Trey Mancini,1,3,1,0,0,0,1,0,0,0,0,0,0,0
Tucupita Marcano,0,1,0,0,0,0,0,0,0,0,0,0,0,0
Manuel Margot,2,4,2,1,1,0,0,0,0,0,0,0,0,1
Ketel Marte,2,5,1,1,2,0,0,0,0,0,0,0,1,0
Starling Marte,3,5,0,0,0,0,0,0,0,0,0,0,1,0
J.D. Martinez,1,4,0,0,0,0,0,1,0,0,0,0,1,0
Jorge Mateo,2,3,0,0,0,0,0,0,0,0,0,0,2,0
Wyatt Mathisen,0,2,0,0,0,0,0,1,0,0,0,0,0,0
Ryan McMahon,2,4,1,1,2,0,0,1,0,0,0,0,0,0
Austin Meadows,1,3,1,1,1,0,1,0,0,0,0,0,0,0
Francisco Mejía,1,2,0,0,1,0,1,0,0,1,0,0,0,0
Yermín Mercedes,5,5,1,0,4,0,0,0,0,0,0,0,1,0
Yoán Moncada,0,5,0,0,0,0,0,5,0,0,0,0,0,0
Dylan Moore,0,4,0,0,0,0,0,3,0,0,0,0,0,0
Mitch Moreland,0,2,0,0,1,0,0,0,0,1,0,0,0,0
Ryan Mountcastle,1,4,0,0,2,0,0,1,0,0,0,0,1,0
Cedric Mullins,2,4,1,0,0,0,0,1,0,0,0,0,0,0
Max Muncy,1,4,0,0,1,0,1,0,0,0,0,0,0,0
Wil Myers,1,3,0,0,0,0,1,1,0,0,0,0,0,0
Dom Nuñez,1,4,1,1,1,0,0,1,0,0,0,0,0,0
Shohei Ohtani,1,5,2,1,2,0,0,3,0,0,0,0,0,0
Matt Olson,2,4,1,0,0,0,0,1,1,0,0,1,1,0
Chris Owings,0,2,0,0,0,0,0,2,0,0,0,0,0,0
David Peralta,1,2,0,0,0,0,0,0,0,0,0,0,0,0
Tommy Pham,1,4,1,0,0,0,0,1,0,0,0,0,0,0
Chad Pinder,1,2,1,1,2,0,0,1,0,0,0,0,0,0
Stephen Piscotty,0,1,0,0,1,0,0,0,0,0,0,0,0,0
AJ Pollock,1,5,1,0,0,0,0,2,0,0,0,0,0,0
Buster Posey,1,4,1,1,1,0,0,2,0,0,0,0,0,0
Jurickson Profar,0,1,0,0,1,0,0,0,0,1,0,0,0,0
Albert Pujols,1,3,1,1,3,0,1,0,0,0,0,1,0,0
Anthony Rendon,0,5,0,0,0,0,0,1,0,0,0,0,0,0
Hunter Renfroe,0,3,0,0,0,0,0,3,0,0,0,0,0,0
Luis Robert,1,4,1,0,0,0,1,1,0,0,0,0,0,0
José Rojas,0,1,0,0,0,0,0,1,0,0,0,0,0,0
Josh Rojas,0,4,0,0,0,0,0,0,0,0,0,0,0,0
Miguel Rojas,2,5,0,0,2,0,0,1,0,0,0,0,0,0
Darin Ruf,0,3,0,0,0,0,0,2,0,0,0,0,0,0
Rio Ruiz,0,3,0,0,0,0,1,1,0,0,0,0,0,0
Anthony Santander,1,4,0,0,1,0,0,0,0,0,0,0,0,0
Corey Seager,3,5,3,0,1,0,1,0,0,0,0,0,1,0
Kyle Seager,0,4,0,0,0,0,0,0,0,0,0,0,0,0
Pedro Severino,2,4,1,0,0,0,0,1,0,0,0,0,0,0
Magneuris Sierra,0,1,1,0,0,1,0,0,0,0,0,0,0,0
Austin Slater,0,5,0,0,0,0,0,3,0,0,0,0,0,0
Pavin Smith,0,1,0,0,0,0,0,0,0,0,0,0,0,0
Will Smith,3,4,2,0,2,0,0,0,0,1,0,0,2,0
Donovan Solano,3,5,2,0,2,0,0,1,0,0,0,0,1,0
Max Stassi,0,3,0,0,0,0,0,1,0,0,0,0,0,0
Trevor Story,2,4,1,0,0,0,0,1,0,0,0,0,0,0
Myles Straw,1,5,0,0,0,0,0,0,0,0,0,0,0,0
Raimel Tapia,1,5,0,0,0,0,0,1,0,0,0,0,0,0
Fernando Tatis_Jr.,0,3,0,0,0,0,1,2,0,0,1,2,0,0
Ka'ai Tom,0,2,0,0,0,0,0,1,0,0,0,0,0,0
Luis Torrens,1,4,0,0,1,0,0,1,0,0,0,0,1,0
Taylor Trammell,0,3,0,0,0,0,1,3,0,0,0,0,0,0
Mike Trout,2,3,1,0,1,0,2,1,0,0,0,0,1,0
Yoshi Tsutsugo,0,3,0,0,0,0,1,1,0,0,0,0,0,0
Kyle Tucker,1,4,0,0,3,0,0,0,0,1,0,0,0,0
Justin Turner,3,5,1,0,3,0,0,1,0,0,0,1,1,0
Justin Upton,0,3,1,0,0,0,1,2,0,0,0,0,0,0
Ramón Urías,0,0,0,0,0,0,0,0,0,0,0,0,0,0
Josh VanMeter,1,1,0,0,0,0,0,0,0,0,0,0,0,0
Andrew Vaughn,0,3,1,0,0,0,1,1,0,0,0,0,0,0
Christian Vázquez,0,2,0,0,0,0,1,0,0,0,0,0,0,0
Alex Verdugo,0,4,0,0,0,0,0,0,0,0,0,0,0,0
Stephen Vogt,0,1,0,0,0,0,0,0,0,0,0,0,0,0
Christian Walker,0,4,0,0,0,0,0,3,0,0,0,0,0,0
Jared Walsh,0,0,0,0,0,0,0,0,0,0,0,0,0,0
Joey Wendle,1,4,1,1,3,0,0,1,0,0,0,0,0,0
Evan White,1,4,0,0,2,0,0,0,0,0,0,0,0,0
Mike Yastrzemski,0,4,1,0,0,0,1,2,0,0,0,0,0,0
