José Abreu,0,4,0,0,0,0,1,1,0,0,0,0,0,0
Ronald Acuña_Jr.,0,4,0,0,0,0,0,2,0,0,0,0,0,0
Willy Adames,0,4,0,0,0,0,0,0,0,0,0,0,0,0
Jesús Aguilar,1,3,2,0,2,0,1,0,0,1,0,1,1,0
Hanser Alberto,3,4,2,0,1,0,0,0,0,0,0,0,2,0
Ozzie Albies,0,3,0,0,0,0,0,0,0,0,0,0,0,0
Anthony Alford,0,1,0,0,0,0,0,1,0,0,0,0,0,0
Jose Altuve,1,4,1,0,1,0,1,1,0,0,0,0,0,0
Yordan Alvarez,3,5,2,1,3,0,0,0,0,0,0,0,0,0
Brian Anderson,0,0,0,0,0,0,0,0,0,0,0,0,0,0
Tim Anderson,1,5,0,0,0,0,0,1,0,0,0,0,0,0
Elvis Andrus,0,4,0,0,0,0,0,0,0,0,0,0,0,0
Aristides Aquino,1,2,1,1,1,0,0,0,0,0,0,1,0,0
Orlando Arcia,0,2,0,0,0,0,0,1,0,0,0,0,0,0
Nolan Arenado,2,5,2,1,2,0,0,1,0,0,0,0,0,0
Luis Arraez,1,4,0,0,1,0,0,2,0,0,0,0,0,0
Javier Báez,2,4,1,0,1,2,0,1,0,0,0,0,0,0
Austin Barnes,2,5,0,0,2,0,0,2,0,0,0,0,0,0
Tucker Barnhart,1,4,1,1,2,0,0,2,0,0,0,0,0,0
Jake Bauers,0,2,0,0,0,0,0,0,0,0,0,0,0,0
Matt Beaty,0,1,0,0,0,0,0,1,0,0,0,0,0,0
Cody Bellinger,0,4,0,0,0,0,1,2,0,0,0,0,0,0
Brandon Belt,0,3,0,0,0,0,0,3,0,0,0,0,0,0
Andrew Benintendi,0,4,0,0,0,0,0,0,0,0,0,0,0,0
Jon Berti,2,4,1,0,2,0,0,2,0,0,0,0,1,0
Bo Bichette,1,4,0,0,0,0,0,2,0,0,0,1,0,0
Cavan Biggio,1,4,0,0,0,0,0,2,0,0,0,0,0,0
Charlie Blackmon,1,3,0,0,0,0,1,0,0,0,0,0,1,0
Xander Bogaerts,1,4,0,0,0,0,0,0,0,0,0,0,0,0
Alec Bohm,0,3,1,0,0,0,1,1,0,0,0,0,0,0
David Bote,0,3,0,0,1,0,0,0,0,1,0,0,0,0
Jackie Bradley Jr,0,3,0,0,0,0,0,3,0,0,0,0,0,0
Michael Brantley,0,0,1,0,0,0,0,0,1,0,0,0,0,0
Lewis Brinson,0,5,0,0,0,0,0,2,0,0,0,0,0,0
Mike Brosseau,1,4,1,0,0,0,0,1,0,0,0,0,0,0
Jay Bruce,1,4,0,0,2,0,0,2,0,0,0,0,0,0
Kris Bryant,1,3,2,1,1,0,1,1,0,0,0,0,0,0
Byron Buxton,1,4,1,1,1,0,0,1,0,0,0,0,0,0
Miguel Cabrera,1,3,0,0,1,0,1,1,0,0,0,0,0,0
Lorenzo Cain,0,2,0,0,0,0,1,1,0,0,0,0,0,0
Jeimer Candelario,3,4,2,0,1,0,1,0,0,0,0,0,1,0
Mark Canha,0,2,1,0,0,0,2,0,0,0,0,0,0,0
Victor Caratini,0,4,0,0,0,0,0,3,0,0,0,0,0,0
Dylan Carlson,0,3,0,0,1,0,0,1,0,1,0,0,0,0
Matt Carpenter,0,1,0,0,0,0,0,0,0,0,0,0,0,0
Curt Casali,1,3,0,0,0,0,0,0,0,0,0,0,0,0
Nick Castellanos,1,2,2,0,0,0,0,0,1,0,0,0,0,0
Willi Castro,1,5,1,0,1,0,0,1,0,0,0,0,0,1
Jake Cave,0,2,0,0,0,0,0,1,1,0,0,0,0,0
Yu Chang,0,2,0,0,0,0,0,0,0,0,0,0,0,0
Matt Chapman,0,2,0,0,0,0,2,2,0,0,0,0,0,0
Jazz Chisholm_Jr.,0,4,1,0,0,2,1,2,0,0,0,0,0,0
Zack Collins,1,3,1,0,0,0,1,1,0,0,0,0,0,0
Willson Contreras,0,2,0,0,0,0,2,1,0,0,0,0,0,0
Garrett Cooper,3,5,1,1,3,0,0,1,0,0,0,0,1,0
Franchy Cordero,0,4,0,0,0,0,0,2,0,0,0,0,0,0
Carlos Correa,2,5,0,0,0,0,0,1,0,0,0,1,1,0
Brandon Crawford,1,4,0,0,0,0,0,1,0,0,0,0,0,0
J.P. Crawford,0,3,0,0,0,0,0,1,0,0,0,0,0,0
C.J. Cron,1,3,1,0,0,0,1,0,0,0,0,1,0,0
Jake Cronenworth,1,3,0,0,1,0,1,0,0,0,0,0,1,0
Nelson Cruz,1,1,0,0,0,0,0,0,0,0,0,0,0,0
Charlie Culberson,0,4,0,0,0,0,0,0,0,0,0,0,0,0
Travis d'Arnaud,1,3,0,0,0,0,0,2,0,0,0,0,0,0
David Dahl,2,4,2,0,0,0,0,0,0,0,0,0,1,0
Bobby Dalbec,0,3,0,0,0,0,1,2,0,0,0,0,0,0
Yonathan Daza,0,0,0,0,0,0,0,0,0,0,0,0,0,0
Austin Dean,0,2,0,0,0,0,0,1,0,0,0,0,0,0
Paul DeJong,2,3,3,2,2,0,2,0,0,0,0,1,0,0
Rafael Devers,0,4,0,0,0,0,0,1,0,0,0,1,0,0
Aledmys Díaz,3,5,2,0,1,0,0,1,0,0,0,0,1,0
Elias Díaz,0,0,0,0,0,0,1,0,0,0,0,0,0,0
Yandy Díaz,2,3,1,0,2,0,0,0,0,0,0,0,1,0
Alex Dickerson,0,2,0,0,0,0,1,1,1,0,0,0,0,0
Corey Dickerson,0,1,0,0,0,0,0,0,0,0,0,0,0,0
Adam Duvall,1,1,1,1,1,0,0,0,0,0,0,0,0,0
Jarrod Dyson,0,0,0,0,0,0,1,0,0,0,0,0,0,0
Adam Eaton,2,4,0,0,0,0,1,0,0,0,0,1,0,0
Tommy Edman,0,4,0,0,0,0,1,0,0,0,0,0,0,0
Eduardo Escobar,0,3,0,0,0,0,0,1,0,0,0,0,0,0
David Fletcher,2,4,1,0,0,0,0,0,0,0,0,0,0,0
Wilmer Flores,0,1,0,0,0,0,0,0,0,0,0,0,0,0
Dexter Fowler,0,3,0,0,0,0,0,0,0,0,0,0,0,0
Dustin Fowler,0,3,0,0,0,0,0,0,0,0,0,0,0,0
Jake Fraley,0,2,0,0,0,0,2,1,0,0,0,0,0,0
Ty France,1,4,1,1,1,0,0,1,0,0,0,0,0,0
Maikel Franco,1,4,0,0,2,0,0,1,0,0,0,0,0,0
Adam Frazier,1,4,0,0,0,0,0,0,0,0,0,1,0,1
Clint Frazier,1,3,1,0,0,0,1,1,0,0,0,0,1,0
Freddie Freeman,0,3,0,0,0,0,0,1,0,0,0,0,0,0
Josh Fuentes,1,4,1,1,2,0,0,1,0,0,0,0,0,0
Joey Gallo,1,2,2,1,2,0,2,1,0,0,0,0,0,0
Freddy Galvis,1,4,1,0,0,0,0,2,0,0,0,0,0,0
Ben Gamel,0,2,0,0,0,0,1,1,0,0,0,0,0,0
Aramis Garcia,0,3,0,0,0,0,0,1,0,0,0,0,0,0
Leury García,0,4,0,0,0,0,0,2,0,0,0,0,0,0
Brett Gardner,0,0,0,0,0,0,0,0,0,0,0,0,0,0
Andrés Giménez,1,4,0,0,0,0,0,1,0,0,0,0,0,0
Paul Goldschmidt,1,4,1,0,0,0,1,3,0,0,0,0,0,0
Erik González,1,3,0,0,0,0,0,1,0,0,0,0,0,0
Marwin Gonzalez,2,2,0,0,1,1,0,0,1,1,0,0,0,0
Niko Goodrum,0,4,0,0,0,0,0,3,0,0,0,0,0,0
Didi Gregorius,1,3,0,0,0,0,0,1,1,0,0,0,0,0
Randal Grichuk,1,3,1,0,0,0,1,2,0,0,0,0,0,0
Robbie Grossman,0,2,1,0,0,0,3,0,0,0,0,0,0,0
Vladim Guerrero_Jr.,1,3,0,0,0,0,0,0,1,0,0,0,0,0
Yuli Gurriel,0,4,0,0,0,0,1,0,0,0,0,0,0,0
Lourdes Gurriel_Jr.,1,4,0,0,0,0,0,0,0,0,0,0,0,0
Ronald Guzmán,0,1,0,0,0,0,0,1,0,0,0,0,0,0
Billy Hamilton,0,1,0,0,0,0,0,1,0,0,0,0,0,0
Garrett Hampson,1,4,1,0,0,0,0,0,0,0,0,0,1,0
Mitch Haniger,2,4,1,1,1,0,0,1,0,0,0,0,1,0
Ian Happ,0,1,0,0,0,0,0,1,0,0,0,0,0,0
Bryce Harper,1,3,0,0,0,0,1,0,0,0,0,0,0,0
Ke'Bryan Hayes,0,0,1,0,0,0,1,0,0,0,0,0,0,0
Austin Hays,1,4,1,0,0,0,0,1,0,0,0,0,0,0
César Hernández,1,3,1,0,0,0,1,0,0,0,0,0,0,0
Kiké Hernández,0,4,0,0,0,0,1,0,0,0,0,0,0,0
Teoscar Hernández,1,4,0,0,0,0,0,1,0,0,0,0,0,0
Jason Heyward,2,4,1,1,1,0,0,0,0,0,0,0,0,0
Aaron Hicks,1,4,0,0,1,0,1,3,0,0,0,0,0,0
Sam Hilliard,0,1,0,0,0,0,0,1,0,0,0,0,0,0
Keston Hiura,0,2,0,0,0,0,0,2,1,0,0,0,0,0
Rhys Hoskins,1,4,0,0,2,0,0,1,0,0,0,0,1,0
José Iglesias,1,4,0,0,0,0,0,1,0,0,0,0,0,0
Ender Inciarte,0,1,0,0,0,0,0,1,0,0,0,0,0,0
Jonathan India,2,3,0,0,1,0,0,1,1,0,0,0,0,0
Kyle Isbel,2,4,2,0,1,0,0,0,0,0,0,0,0,1
Danny Jansen,0,2,1,0,0,0,1,1,0,0,0,0,0,0
Ryan Jeffers,0,3,0,0,0,0,0,3,0,0,0,0,0,0
JaCoby Jones,1,4,1,0,0,0,0,0,0,0,0,0,0,0
Aaron Judge,2,5,0,0,0,0,0,1,0,0,0,0,0,0
Tony Kemp,0,4,0,0,0,0,0,0,0,0,0,0,0,0
Max Kepler,0,4,0,0,0,0,0,1,0,0,0,0,0,0
Kevin Kiermaier,0,4,0,0,0,0,0,0,0,0,0,0,0,0
Ha-Seong Kim,2,4,0,0,1,0,0,1,0,0,0,0,0,0
Isiah Kiner-Falefa,0,4,0,0,0,0,0,3,0,0,0,0,0,0
Tommy La Stella,1,2,0,0,0,0,1,0,0,0,0,0,1,0
DJ LeMahieu,2,4,1,0,1,0,1,0,0,0,0,0,0,0
Tim Locastro,0,2,0,0,0,0,0,0,0,0,0,0,0,0
Evan Longoria,0,4,0,0,0,0,0,1,0,0,0,0,0,0
Nicky Lopez,1,4,0,0,0,0,0,1,0,0,0,0,0,0
Brandon Lowe,0,1,0,0,0,0,0,0,0,0,0,0,0,0
Nate Lowe,1,4,0,0,2,0,0,1,0,0,0,0,0,0
Jed Lowrie,0,1,0,0,0,0,0,1,0,0,0,0,0,0
Gavin Lux,1,4,2,0,0,1,1,2,0,0,0,0,0,1
Manny Machado,3,4,2,1,2,0,0,0,0,0,0,0,0,0
Martín Maldonado,1,4,1,0,0,0,0,1,0,0,0,0,0,0
Trey Mancini,0,3,0,0,1,0,0,1,0,1,0,0,0,0
Tucupita Marcano,0,1,0,0,0,0,0,0,0,0,0,0,0,0
Manuel Margot,2,4,1,0,1,0,0,0,0,0,0,0,0,0
Jake Marisnick,1,4,1,0,1,0,0,3,0,0,0,0,0,0
Ketel Marte,2,3,0,0,0,0,0,0,0,0,0,0,0,0
Starling Marte,4,5,3,0,1,1,0,0,0,0,0,0,0,1
J.D. Martinez,3,4,1,0,1,0,0,1,0,0,0,0,1,0
Jorge Mateo,1,4,0,0,0,0,0,1,0,0,0,0,0,0
Wyatt Mathisen,0,1,0,0,0,0,0,0,0,0,0,0,0,0
Nomar Mazara,3,4,0,0,1,0,0,1,0,0,0,0,0,0
Chas McCormick,1,3,2,0,1,0,0,1,1,0,0,0,1,0
Andrew McCutchen,0,2,0,0,0,0,2,1,0,0,0,0,0,0
Billy McKinney,0,1,0,0,0,0,0,0,0,0,0,0,0,0
Zach McKinstry,1,2,1,1,1,0,0,0,0,0,0,0,0,0
Ryan McMahon,1,4,1,0,1,0,0,1,0,0,0,0,1,0
Austin Meadows,1,4,1,0,0,0,1,3,0,0,0,1,0,0
Francisco Mejía,0,1,0,0,0,0,0,0,0,0,0,0,0,0
Yermín Mercedes,3,4,1,1,2,0,0,0,0,0,0,0,1,0
Whit Merrifield,2,4,2,1,4,0,0,0,1,0,0,0,0,0
Brad Miller,0,1,0,0,0,0,0,0,0,0,0,0,0,0
Yadier Molina,1,3,0,0,0,0,1,0,0,0,0,0,0,0
Yoán Moncada,0,3,1,0,0,0,0,1,1,0,0,0,0,0
Dylan Moore,1,3,0,0,1,1,1,0,0,0,0,0,1,0
Colin Moran,1,4,0,0,0,0,0,2,0,0,0,1,0,0
Mitch Moreland,1,3,0,0,1,0,0,2,0,0,0,0,0,0
Ryan Mountcastle,0,4,0,0,0,0,0,1,0,0,0,0,0,0
Mike Moustakas,2,4,1,0,1,0,1,0,0,0,0,0,1,0
Cedric Mullins,2,4,0,0,0,0,0,0,0,0,0,0,0,0
Max Muncy,2,5,1,0,1,0,0,0,0,0,0,0,1,0
Wil Myers,2,4,2,0,3,0,1,1,0,0,0,0,2,0
Tyler Naquin,1,2,1,0,2,0,1,1,1,0,0,0,0,0
Omar Narváez,1,3,0,0,0,0,0,1,0,0,0,0,0,0
Josh Naylor,1,4,0,0,0,0,0,0,0,0,0,0,1,0
Kevin Newman,1,4,0,0,1,0,0,1,0,0,0,0,0,0
John Nogowski,0,1,0,0,0,0,0,0,0,0,0,0,0,0
Dom Nuñez,0,4,0,0,0,0,0,2,0,0,0,0,0,0
Tyler O'Neill,1,4,0,0,0,0,0,3,0,0,0,0,0,0
Shohei Ohtani,1,4,0,0,0,1,0,2,0,0,0,0,0,0
Matt Olson,2,3,0,0,0,0,1,0,0,0,0,0,0,0
Chris Owings,0,2,0,0,0,0,0,0,0,0,0,0,0,0
Marcell Ozuna,0,3,0,0,0,0,0,3,0,0,0,0,0,0
Cristian Pache,0,3,0,0,0,0,0,1,0,0,0,0,0,0
Joe Panik,0,1,0,0,0,0,0,0,0,0,0,0,0,0
Joc Pederson,0,4,0,0,0,0,0,3,0,0,0,0,0,0
David Peralta,0,3,0,0,0,0,0,2,0,0,0,0,0,0
Geraldo Perdomo,0,1,0,0,0,0,0,1,0,0,0,0,0,0
Roberto Pérez,1,4,0,0,0,0,0,2,0,0,0,1,0,0
Salvador Perez,2,5,1,0,0,0,0,1,0,0,0,0,1,0
Tommy Pham,0,2,1,0,0,0,3,0,0,0,0,0,0,0
Chad Pinder,0,4,0,0,0,0,0,3,0,0,0,0,0,0
Stephen Piscotty,0,3,0,0,0,0,0,2,1,0,0,0,0,0
Manny Piña,0,0,0,0,0,0,0,0,0,0,0,0,0,0
Kevin Plawecki,1,3,1,0,0,0,0,1,0,0,0,0,0,0
Gregory Polanco,1,4,0,0,0,0,0,2,0,0,0,0,0,0
Jorge Polanco,0,4,0,0,0,0,0,0,0,0,0,0,0,0
AJ Pollock,1,4,1,0,0,0,0,2,0,0,0,0,0,0
Jurickson Profar,1,1,0,0,0,0,0,0,0,0,0,0,0,0
Roman Quinn,0,3,1,0,0,0,0,2,1,0,0,0,0,0
José Ramírez,1,4,0,0,0,0,0,0,0,0,0,0,0,0
Wilson Ramos,1,3,0,0,0,0,0,0,0,0,0,0,0,0
J.T. Realmuto,2,4,0,0,0,0,0,0,0,0,0,0,1,0
Anthony Rendon,1,3,2,0,0,0,1,1,0,0,0,0,0,0
Franmil Reyes,1,4,0,0,0,0,0,1,0,0,0,0,0,0
Bryan Reynolds,1,4,0,0,0,0,0,2,0,0,0,0,0,0
Austin Riley,0,3,0,0,0,0,0,1,0,0,0,0,0,0
Edwin Ríos,1,3,0,0,0,0,1,0,1,0,0,0,0,0
Anthony Rizzo,1,3,0,0,0,0,1,0,0,0,0,0,0,0
Luis Robert,2,4,0,0,1,0,0,1,0,0,0,1,0,0
Daniel Robertson,0,0,0,0,0,0,0,0,0,0,0,0,0,0
Josh Rojas,1,4,0,0,0,0,0,0,0,0,0,1,0,0
Miguel Rojas,1,2,3,0,0,1,3,0,0,0,0,0,1,0
Amed Rosario,0,1,0,0,0,0,0,1,0,0,0,0,0,0
Eddie Rosario,1,1,1,1,2,0,2,0,0,1,0,0,0,0
Darin Ruf,0,1,0,0,0,0,0,0,0,0,0,0,0,0
Rio Ruiz,0,3,1,0,0,0,1,1,0,0,0,0,0,0
Miguel Sanó,0,4,0,0,0,0,0,2,0,0,0,0,0,0
Gary Sánchez,1,4,1,1,1,0,0,0,0,0,0,1,0,0
Pablo Sandoval,0,1,0,0,0,0,0,1,0,0,0,0,0,0
Carlos Santana,1,4,1,0,2,0,1,2,0,0,0,0,1,0
Anthony Santander,1,4,0,0,1,0,0,2,0,0,0,0,0,0
Jonathan Schoop,0,3,0,0,1,0,0,0,0,1,0,0,0,0
Corey Seager,3,4,1,0,1,0,1,0,0,0,0,0,1,0
Kyle Seager,2,4,0,0,0,0,0,0,0,0,0,0,0,0
Jean Segura,1,4,1,0,0,0,0,3,0,0,0,0,0,0
Marcus Semien,2,4,1,1,2,2,1,0,0,0,0,0,0,0
Nick Senzel,0,1,0,0,0,0,0,0,0,0,0,0,0,0
Pedro Severino,2,4,1,0,0,0,0,2,0,0,0,0,1,0
Travis Shaw,0,2,0,0,0,0,0,1,0,0,0,0,0,0
Andrelton Simmons,1,3,1,0,0,0,0,1,0,0,0,0,0,0
Austin Slater,0,4,0,0,0,0,0,3,0,0,0,0,0,0
Pavin Smith,1,3,0,0,0,0,0,1,0,0,0,0,0,0
Eric Sogard,0,1,0,0,0,0,0,0,0,0,0,0,0,0
Nick Solak,1,2,0,0,0,0,1,1,1,0,0,0,0,0
Donovan Solano,2,4,0,0,0,0,0,2,0,0,0,0,0,0
Jorge Soler,0,2,1,0,0,0,2,0,0,0,0,0,0,0
Jacob Stallings,0,3,0,0,0,0,0,1,0,0,0,0,0,0
Giancarlo Stanton,0,3,1,0,0,0,2,0,0,0,0,0,0,0
Trevor Story,1,4,0,0,1,0,0,0,0,0,0,0,1,0
Myles Straw,1,4,0,0,0,0,0,1,0,0,0,0,0,0
Eugenio Suárez,1,4,1,0,1,0,1,2,0,0,0,0,0,0
Kurt Suzuki,1,4,0,0,0,0,0,2,0,0,0,0,0,0
Dansby Swanson,0,3,0,0,0,0,0,1,0,0,0,0,0,0
Raimel Tapia,1,3,1,1,1,0,0,0,0,0,0,0,0,0
Fernando Tatis_Jr.,0,4,2,0,0,0,1,1,0,0,0,0,0,0
Leody Taveras,0,4,0,0,0,0,0,2,0,0,0,0,0,0
Chris Taylor,1,5,0,0,1,0,0,3,0,0,0,0,1,0
Michael A.,2,4,2,1,3,0,0,0,0,0,0,0,1,0
Rowdy Tellez,0,4,0,0,0,0,0,3,0,0,0,0,0,0
Luis Torrens,0,3,0,0,0,0,0,1,0,0,0,0,0,0
Gleyber Torres,1,4,0,0,0,0,1,1,0,0,0,0,0,0
Taylor Trammell,1,4,1,0,1,0,0,2,0,0,0,0,1,0
Jose Trevino,1,4,0,0,0,0,0,0,0,0,0,0,0,0
Mike Trout,0,3,0,0,0,0,1,3,0,0,0,0,0,0
Yoshi Tsutsugo,0,2,0,0,0,0,0,0,0,0,0,0,0,0
Kyle Tucker,1,4,0,0,2,0,0,0,0,1,0,0,0,0
Justin Upton,1,4,1,1,2,0,0,1,0,0,0,0,0,0
Luis Urías,0,2,0,0,0,0,0,1,0,0,0,0,0,0
Ramón Urías,0,0,0,0,0,0,0,0,0,0,0,0,0,0
Gio Urshela,2,4,1,0,0,0,0,2,0,0,0,0,0,0
Josh VanMeter,0,2,0,0,0,0,0,1,0,0,0,0,0,0
Andrew Vaughn,0,3,0,0,0,0,0,2,0,0,0,0,0,0
Christian Vázquez,0,1,0,0,0,0,0,0,0,0,0,0,0,0
Alex Verdugo,0,4,0,0,0,0,0,1,0,0,0,0,0,0
Daniel Vogelbach,0,1,0,0,0,0,0,1,0,0,0,0,0,0
Stephen Vogt,0,3,0,0,0,0,0,1,0,0,0,1,0,0
Joey Votto,1,5,1,0,0,0,0,1,0,0,0,0,0,0
Tyler Wade,0,0,0,0,0,0,0,0,0,0,0,0,0,0
Christian Walker,0,2,0,0,0,0,0,1,0,0,0,0,0,0
Chad Wallach,2,3,0,0,2,0,0,1,0,1,0,1,0,0
Jared Walsh,2,4,1,0,2,0,0,1,0,0,0,0,0,1
Joey Wendle,2,4,2,0,1,0,0,1,0,0,0,0,1,0
Eli White,0,3,0,0,0,0,0,1,0,0,0,0,0,0
Evan White,1,4,1,0,0,0,0,1,0,0,0,0,1,0
Justin Williams,0,2,0,0,0,0,0,2,0,0,0,0,0,0
Jesse Winker,1,4,1,0,0,0,0,1,0,0,0,0,0,0
Kolten Wong,0,4,0,0,0,0,0,2,0,0,0,0,0,0
Mike Yastrzemski,1,4,0,0,0,0,0,1,0,0,0,0,0,0
Christian Yelich,0,4,0,0,0,0,0,3,0,0,0,0,0,0
Mike Zunino,1,3,1,1,2,0,0,0,0,0,0,0,0,0
