José Abreu,0,3,1,0,0,0,2,3,0,0,0,0,0,0
Ronald Acuña_Jr.,0,4,0,0,0,0,0,2,0,0,0,0,0,0
Hanser Alberto,1,4,0,0,1,0,0,1,0,0,0,0,1,0
Ozzie Albies,0,4,0,0,0,0,0,0,0,0,0,0,0,0
Anthony Alford,0,3,0,0,0,0,1,1,0,0,0,0,0,0
Jose Altuve,1,5,1,0,0,0,0,0,0,0,0,0,1,0
Yordan Alvarez,0,4,1,0,0,0,1,0,0,0,0,0,0,0
Tim Anderson,0,1,0,0,0,0,0,0,0,0,0,0,0,0
Elvis Andrus,0,3,0,0,0,0,0,1,0,0,0,0,0,0
Aristides Aquino,0,1,0,0,0,0,0,0,0,0,0,0,0,0
Orlando Arcia,0,4,0,0,0,0,0,2,0,0,0,0,0,0
Nolan Arenado,1,3,0,0,0,0,0,0,0,0,0,0,1,0
Luis Arraez,3,3,1,0,0,0,2,0,0,0,0,0,1,0
Christian Arroyo,1,3,0,0,0,0,0,1,0,0,0,0,0,0
Akil Baddoo,1,3,1,1,1,0,0,1,0,0,0,0,0,0
Javier Báez,0,4,0,0,1,0,0,1,0,0,0,0,0,0
Andrew Benintendi,1,4,1,0,0,0,0,2,0,0,0,1,0,0
Mookie Betts,1,3,1,0,0,0,2,0,0,0,1,0,0,0
Bo Bichette,1,4,0,0,0,0,0,0,0,0,0,0,1,0
Cavan Biggio,0,3,0,0,0,0,0,0,0,0,0,0,0,0
Charlie Blackmon,0,4,0,0,0,0,0,0,0,0,0,0,0,0
Alex Blandino,1,1,0,0,2,0,0,0,0,0,0,0,1,0
Xander Bogaerts,0,4,0,0,0,0,0,1,0,0,0,0,0,0
Alec Bohm,2,4,0,0,1,1,0,2,0,0,0,0,0,0
David Bote,0,0,0,0,0,0,1,0,0,0,0,0,0,0
Jackie Bradley Jr,1,4,2,1,1,0,0,0,0,0,0,0,0,0
Alex Bregman,2,4,0,0,0,0,0,1,0,0,0,0,0,0
Jay Bruce,1,3,0,0,0,0,1,0,0,0,0,0,0,0
Kris Bryant,2,3,1,0,1,0,1,0,0,0,0,0,1,0
Byron Buxton,1,1,0,0,0,0,0,0,0,0,0,0,1,0
Asdrúbal Cabrera,0,4,0,0,0,0,0,0,0,0,0,0,0,0
Johan Camargo,0,1,0,0,0,0,0,1,0,0,0,0,0,0
Luis Campusano,0,4,0,0,0,0,0,2,0,0,0,0,0,0
Jeimer Candelario,0,4,0,0,0,0,0,1,0,0,0,0,0,0
Mark Canha,2,4,2,0,0,0,0,0,0,0,0,0,1,1
Dylan Carlson,0,2,0,0,0,0,0,0,1,0,0,0,0,0
Matt Carpenter,0,0,0,0,0,0,1,0,0,0,0,0,0,0
Nick Castellanos,2,4,2,1,3,0,0,0,0,0,0,0,0,1
Harold Castro,0,3,0,0,0,0,0,1,0,0,0,0,0,0
Jason Castro,1,4,2,1,2,0,0,0,0,0,0,0,0,0
Willi Castro,0,3,1,0,0,0,1,1,0,0,0,0,0,0
Jake Cave,1,4,1,0,0,0,0,2,0,0,0,0,0,0
Yu Chang,2,4,1,0,2,0,0,0,0,0,0,0,1,0
Matt Chapman,1,3,0,0,0,0,1,1,0,0,0,1,0,0
Willson Contreras,0,4,0,0,0,0,0,4,0,0,0,0,0,0
Franchy Cordero,0,1,0,0,0,0,0,1,0,0,0,0,0,0
Carlos Correa,1,4,0,0,0,0,0,1,0,0,0,0,0,0
C.J. Cron,0,4,0,0,0,0,0,3,0,0,0,0,0,0
Jake Cronenworth,0,4,0,0,0,0,0,0,1,0,0,0,0,0
Nelson Cruz,0,0,0,0,1,0,0,0,0,1,0,0,0,0
Travis d'Arnaud,1,4,1,1,1,0,0,1,0,0,0,0,0,0
David Dahl,0,4,1,0,1,0,0,0,0,1,0,0,0,0
Bobby Dalbec,0,4,0,0,0,0,0,1,0,0,0,0,0,0
Jonathan Davis,0,0,0,0,0,0,0,0,0,0,0,0,0,0
Yonathan Daza,0,3,0,0,0,0,0,2,0,0,0,0,0,0
Paul DeJong,0,4,0,0,0,0,0,3,0,0,0,1,0,0
Elias Díaz,0,4,0,0,0,0,0,1,0,0,0,0,0,0
Wilmer Difo,0,1,0,0,0,0,0,0,0,0,0,0,0,0
Matt Duffy,0,1,0,0,0,0,0,0,0,0,0,0,0,0
Adam Eaton,0,4,1,0,0,0,1,1,0,0,0,0,0,0
Tommy Edman,1,3,0,0,0,0,1,0,0,0,0,0,0,0
Phillip Evans,3,4,0,0,1,0,0,0,0,0,0,1,0,0
Kyle Farmer,0,0,1,0,0,0,1,0,0,0,0,0,0,0
David Fletcher,1,4,0,0,1,0,0,0,0,0,0,0,0,0
Dexter Fowler,1,1,1,0,0,0,0,0,0,0,0,0,0,0
Dustin Fowler,0,1,0,0,0,0,0,1,0,0,0,0,0,0
Maikel Franco,1,4,1,0,2,0,2,0,0,0,0,0,1,0
Adam Frazier,0,3,0,0,0,0,1,0,0,0,0,0,0,0
Clint Frazier,1,3,1,0,0,0,0,1,0,0,0,0,1,0
Freddie Freeman,0,2,0,0,0,0,2,0,0,0,0,0,0,0
Joey Gallo,2,5,1,0,0,0,0,1,0,0,0,0,0,0
Freddy Galvis,0,4,1,0,1,0,2,1,0,0,0,0,0,0
Aramis Garcia,0,3,0,0,0,0,0,1,0,0,0,0,0,0
Avisaíl García,0,4,0,0,0,0,0,1,0,0,0,0,0,0
Leury García,1,3,1,0,0,1,0,0,0,0,0,0,0,0
Robel García,1,1,0,0,0,0,0,0,0,0,0,0,0,0
Brett Gardner,1,3,0,0,1,0,0,1,0,0,0,0,0,0
Kyle Garlick,0,2,0,0,0,0,0,1,0,0,0,0,0,0
Mitch Garver,2,3,1,1,1,0,1,0,0,0,0,0,0,0
Andrés Giménez,0,0,0,0,0,0,0,0,0,0,0,0,0,0
Paul Goldschmidt,0,4,0,0,0,0,0,1,0,0,0,0,0,0
Erik González,0,1,0,0,0,0,0,0,0,0,0,0,0,0
Marwin Gonzalez,0,3,0,0,0,0,1,1,0,0,0,0,0,0
Yasmani Grandal,0,3,0,0,0,0,1,2,0,0,0,0,0,0
Didi Gregorius,1,4,0,0,0,0,0,2,0,0,0,0,0,0
Grayson Greiner,0,3,0,0,0,0,0,2,0,0,0,0,0,0
Randal Grichuk,1,3,1,1,2,0,1,1,0,0,0,0,0,0
Robbie Grossman,0,2,0,0,0,0,2,0,0,0,0,0,0,0
Vladim Guerrero_Jr.,1,4,1,1,1,0,0,1,0,0,0,0,0,0
Yuli Gurriel,3,4,1,0,2,0,0,0,0,0,0,0,1,0
Lourdes Gurriel_Jr.,1,4,1,0,0,0,0,0,0,0,0,0,0,0
Ronald Guzmán,0,4,0,0,0,0,0,1,0,0,0,0,0,0
Billy Hamilton,1,4,0,0,0,1,0,0,0,0,0,0,0,0
Garrett Hampson,1,3,0,0,2,0,1,1,0,0,0,0,1,0
Ian Happ,1,2,2,1,1,0,2,0,0,0,0,0,0,0
Bryce Harper,1,3,0,0,0,0,1,2,0,0,0,0,0,0
Adam Haseley,1,2,0,0,0,0,0,1,0,0,0,0,0,0
Austin Hays,1,2,0,0,2,0,0,0,0,0,0,0,1,0
Austin Hedges,1,4,1,1,1,0,0,0,0,0,0,0,0,0
Jonah Heim,1,3,1,0,0,1,1,1,0,0,0,1,1,0
César Hernández,0,4,1,0,0,0,1,1,0,0,0,0,0,0
Kiké Hernández,0,2,1,0,1,0,1,0,0,1,0,0,0,0
Teoscar Hernández,0,4,0,0,0,0,0,2,0,0,0,0,0,0
Jason Heyward,0,3,0,0,0,0,1,0,0,0,0,0,0,0
Aaron Hicks,0,4,0,0,0,0,0,1,0,0,0,0,0,0
Sam Hilliard,0,1,0,0,0,0,0,0,0,0,0,0,0,0
Keston Hiura,0,4,0,0,0,0,0,2,0,0,0,1,0,0
Brock Holt,0,2,1,0,0,1,2,0,0,0,0,0,0,0
Rhys Hoskins,1,4,1,0,0,0,0,0,0,0,0,0,0,0
Eric Hosmer,1,4,0,0,0,0,0,2,0,0,0,0,1,0
José Iglesias,1,4,1,0,0,0,0,1,0,0,0,0,0,0
Ender Inciarte,0,1,0,0,0,0,0,1,0,0,0,0,0,0
Jonathan India,1,4,1,0,1,0,0,0,0,0,0,0,0,0
Kyle Isbel,0,4,0,0,0,1,0,3,0,0,0,0,0,0
Ryan Jeffers,1,1,0,0,0,0,0,0,0,0,0,0,0,0
Aaron Judge,0,4,0,0,0,0,0,0,0,0,0,0,0,0
Carson Kelly,2,4,0,0,0,0,0,0,0,0,0,0,1,0
Tony Kemp,0,1,0,0,0,0,0,0,0,0,0,0,0,0
Max Kepler,1,5,1,0,3,1,0,0,0,0,0,0,0,0
Ha-Seong Kim,0,1,0,0,0,0,0,0,0,0,0,0,0,0
Isiah Kiner-Falefa,3,4,1,1,3,0,0,0,1,0,0,0,0,0
Alejandro Kirk,0,3,0,0,0,0,1,0,0,0,0,0,0,0
Andrew Knapp,2,3,1,1,1,0,0,0,0,0,0,0,0,0
Andrew Knizner,0,2,0,0,0,0,0,0,0,0,0,0,0,0
Juan Lagares,0,4,0,0,0,0,0,1,0,0,0,0,0,0
DJ LeMahieu,1,3,0,0,0,0,1,0,0,0,0,0,0,0
Tim Locastro,0,1,0,0,0,0,0,1,0,0,0,0,0,0
Nicky Lopez,1,3,0,0,0,0,0,0,0,0,0,0,0,0
Nate Lowe,2,4,1,1,3,0,0,1,0,0,0,0,0,0
Jed Lowrie,1,4,0,0,1,0,0,1,0,0,0,0,1,0
Jordan Luplow,1,4,1,1,2,0,1,1,0,0,1,0,0,0
Gavin Lux,1,3,0,0,1,0,0,0,0,1,0,0,0,0
Manny Machado,0,3,0,0,0,0,1,0,0,0,0,0,0,0
Nick Madrigal,1,3,1,0,0,0,0,0,1,0,0,0,0,0
Trey Mancini,2,6,2,0,2,0,0,2,0,0,0,0,1,0
Tucupita Marcano,0,1,0,0,0,0,0,0,0,0,0,0,0,0
Jake Marisnick,0,0,0,0,0,0,0,0,0,0,0,0,0,0
Ketel Marte,1,3,1,0,0,0,2,1,0,0,0,0,0,0
J.D. Martinez,2,4,1,1,2,0,0,1,0,0,0,0,1,0
Jorge Mateo,0,1,0,0,0,0,0,1,0,0,0,0,0,0
Nomar Mazara,1,3,1,1,2,0,0,0,0,0,0,0,0,0
Ryan McBroom,0,1,0,0,0,0,0,1,0,0,0,0,0,0
Chas McCormick,1,4,1,1,3,0,0,2,0,0,0,0,0,0
Andrew McCutchen,0,3,0,0,0,0,1,1,0,0,0,0,0,0
Billy McKinney,1,1,0,0,0,0,0,0,0,0,0,0,0,0
Zach McKinstry,1,4,0,0,0,0,0,0,0,0,0,0,1,0
Ryan McMahon,1,3,1,0,0,0,0,1,0,0,0,0,0,0
Yermín Mercedes,1,5,0,0,0,0,0,2,0,0,0,0,0,0
Whit Merrifield,1,4,0,0,0,0,0,1,0,0,0,0,1,0
Brad Miller,0,1,0,0,0,0,0,0,0,0,0,0,0,0
Yadier Molina,1,2,0,0,1,0,0,1,0,0,0,0,0,0
Yoán Moncada,0,3,0,0,0,0,2,1,0,0,0,0,0,0
Colin Moran,2,4,1,1,2,0,0,1,0,0,0,0,1,0
Mitch Moreland,0,2,0,0,0,0,1,1,0,0,0,0,0,0
Ryan Mountcastle,1,4,1,0,1,0,2,3,0,0,0,0,0,0
Mike Moustakas,0,3,1,0,0,0,1,0,0,0,0,0,0,0
Cedric Mullins,5,5,3,0,0,0,1,0,0,0,0,0,3,0
Max Muncy,0,3,0,0,0,0,1,1,0,0,0,0,0,0
Wil Myers,0,3,0,0,0,0,1,1,0,0,0,0,0,0
Tyler Naquin,1,5,1,1,3,0,0,2,0,0,0,0,0,0
Josh Naylor,1,4,1,0,0,0,0,1,0,0,0,0,1,0
Kevin Newman,0,4,0,0,0,0,0,0,0,0,0,0,0,0
John Nogowski,1,1,0,0,0,0,0,0,0,0,0,0,0,0
Tyler O'Neill,1,4,1,0,0,0,0,1,0,0,0,0,1,0
Matt Olson,0,4,0,0,1,0,0,1,0,0,0,0,0,0
Chris Owings,1,3,1,0,0,0,1,0,0,0,0,0,1,0
Marcell Ozuna,0,3,0,0,0,0,1,2,0,0,0,0,0,0
Cristian Pache,0,3,0,0,0,0,0,1,0,0,0,0,0,0
Joe Panik,1,4,0,0,0,0,0,1,0,0,0,0,0,0
Joc Pederson,0,4,0,0,1,0,0,0,0,0,0,0,0,0
David Peralta,2,4,0,0,2,0,0,0,0,0,0,0,0,1
Geraldo Perdomo,0,3,0,0,0,0,1,0,0,0,0,0,0,0
Michael Perez,0,4,0,0,0,0,0,2,0,0,0,0,0,0
Salvador Perez,1,4,1,1,2,0,0,0,0,0,0,0,0,0
Tommy Pham,1,3,0,0,0,1,1,0,0,0,0,0,0,0
Chad Pinder,0,0,0,0,0,0,0,0,0,0,0,0,0,0
Stephen Piscotty,0,4,0,0,0,0,0,2,0,0,0,0,0,0
Manny Piña,0,3,0,0,1,0,0,1,0,1,0,0,0,0
Gregory Polanco,0,2,0,0,0,0,2,0,0,0,0,0,0,0
Jorge Polanco,0,4,2,0,0,0,1,0,0,0,1,1,0,0
AJ Pollock,0,5,1,0,0,0,0,3,0,0,0,0,0,0
Jurickson Profar,2,3,0,0,0,0,1,0,0,0,0,0,0,0
Albert Pujols,0,1,0,0,0,0,0,0,0,0,0,0,0,0
Roman Quinn,0,1,0,0,0,0,0,1,0,0,0,0,0,0
José Ramírez,2,5,1,0,0,1,0,0,0,0,0,0,1,0
J.T. Realmuto,0,1,0,0,0,0,0,1,0,0,0,0,0,0
Anthony Rendon,1,4,1,0,0,0,1,0,0,0,0,0,0,0
Hunter Renfroe,0,4,0,0,0,0,0,0,0,0,0,0,0,0
Franmil Reyes,1,4,1,1,2,0,0,1,0,0,0,0,0,0
Victor Reyes,0,3,0,0,0,0,0,2,0,0,0,0,0,0
Bryan Reynolds,2,4,2,0,0,0,0,2,0,0,0,0,0,0
Austin Riley,1,3,0,0,0,0,0,1,0,0,0,0,0,0
Edwin Ríos,0,1,0,0,0,0,0,1,0,0,0,0,0,0
Anthony Rizzo,0,2,1,0,0,1,2,0,0,0,0,0,0,0
Luis Robert,1,4,0,0,0,0,0,3,0,0,0,0,0,0
Josh Rojas,0,3,1,0,0,0,2,1,0,0,0,0,0,0
Brent Rooker,0,2,0,0,0,0,0,1,0,0,0,0,0,0
Amed Rosario,1,4,1,0,0,0,0,1,0,0,0,0,0,0
Eddie Rosario,1,3,1,0,2,0,1,1,0,0,0,0,0,0
Rio Ruiz,2,6,1,0,0,0,0,3,0,0,0,0,0,0
Miguel Sanó,1,5,1,1,2,0,0,2,0,0,0,0,0,0
Gary Sánchez,0,4,0,0,0,0,0,1,0,0,0,1,0,0
Carlos Santana,2,4,0,0,0,0,0,2,0,0,0,0,0,0
Anthony Santander,3,5,1,0,2,0,1,1,0,0,0,0,0,0
Jonathan Schoop,0,3,0,0,0,0,0,1,0,0,0,0,0,0
Jean Segura,0,3,0,0,0,0,1,2,0,0,0,0,0,0
Marcus Semien,0,4,0,0,0,0,0,0,0,0,0,0,0,0
Nick Senzel,0,3,1,0,0,0,1,0,0,0,0,0,0,0
Travis Shaw,0,1,0,0,0,0,0,1,0,0,0,0,0,0
Andrelton Simmons,1,3,1,0,1,0,1,0,0,0,0,0,1,0
Chance Sisco,1,5,0,0,0,0,0,4,0,0,0,0,0,0
Pavin Smith,0,3,0,0,0,0,0,2,0,0,0,0,0,0
Will Smith,1,3,1,1,1,0,1,1,0,0,0,0,0,0
Eric Sogard,0,2,0,0,0,0,0,0,0,0,0,0,0,0
Nick Solak,0,4,0,0,0,0,0,3,0,0,0,0,0,0
Jorge Soler,0,4,0,0,0,0,0,3,0,0,0,0,0,0
Edmundo Sosa,0,1,0,0,0,0,0,0,0,0,0,0,0,0
Max Stassi,1,2,0,0,0,0,2,0,0,0,0,1,0,0
Tyler Stephenson,3,4,3,0,1,0,0,1,0,0,0,0,0,0
Trevor Story,0,4,0,0,0,0,0,1,0,0,0,0,0,0
Myles Straw,0,1,2,0,1,0,3,0,0,0,1,0,0,0
Eugenio Suárez,0,3,1,0,0,0,2,0,0,0,0,0,0,0
Dansby Swanson,1,3,0,0,0,0,0,2,0,0,0,0,0,0
Raimel Tapia,0,1,0,0,0,0,0,1,0,0,0,0,0,0
Fernando Tatis_Jr.,2,4,1,1,1,0,1,0,0,0,0,2,0,0
Leody Taveras,0,3,1,0,0,0,1,2,0,0,0,0,0,0
Chris Taylor,0,1,0,0,1,0,3,0,0,0,0,0,0,0
Michael A.,1,4,1,0,0,0,0,1,0,0,0,0,0,0
Ka'ai Tom,0,3,0,0,0,0,0,1,0,0,0,0,0,0
Gleyber Torres,1,4,0,0,0,0,0,1,0,0,0,1,1,0
Mike Trout,1,4,1,0,0,0,1,1,0,0,0,0,0,0
Kyle Tucker,1,5,1,1,1,0,0,1,0,0,0,0,0,0
Justin Turner,0,2,1,0,0,0,2,2,0,0,0,0,0,0
Justin Upton,1,2,0,0,1,0,0,1,1,1,0,0,0,0
Luis Urías,1,2,0,0,0,0,2,0,0,0,0,0,1,0
Gio Urshela,0,3,0,0,0,0,0,1,0,0,0,0,0,0
Pat Valaika,1,3,1,0,0,0,0,1,0,0,0,0,0,0
Josh VanMeter,0,1,0,0,0,0,0,0,0,0,0,0,0,0
Christian Vázquez,3,4,1,0,0,0,0,1,0,0,0,0,1,0
Alex Verdugo,0,3,0,0,0,0,0,1,0,0,0,0,0,0
Daniel Vogelbach,0,1,0,0,0,0,0,0,0,0,0,0,0,0
Joey Votto,1,4,0,0,1,0,0,1,0,0,0,0,0,0
Christian Walker,1,4,1,0,0,0,0,1,0,0,0,0,0,0
Jared Walsh,2,4,2,2,4,0,1,1,0,0,0,0,0,0
Justin Williams,0,3,0,0,0,0,0,3,0,0,0,0,0,0
Kolten Wong,1,3,0,0,0,0,1,0,0,0,0,0,0,0
Christian Yelich,1,4,0,0,0,0,0,2,0,0,0,0,0,0
