José Abreu,1,5,0,0,0,0,0,1,0,0,0,0,0,0
Willy Adames,1,3,0,0,0,0,1,1,0,0,0,0,1,0
Jesús Aguilar,1,4,0,0,0,0,0,0,0,0,0,0,0,0
Hanser Alberto,1,4,0,0,0,0,0,1,0,0,1,0,0,0
Jorge Alfaro,1,4,0,0,0,0,0,1,0,0,0,0,0,0
Anthony Alford,0,1,0,0,0,0,0,1,0,0,0,0,0,0
Pete Alonso,1,4,1,0,0,0,1,2,0,0,0,0,0,0
Jose Altuve,2,5,1,0,1,0,0,2,0,0,0,0,0,0
Yordan Alvarez,1,5,1,0,1,0,0,0,0,0,0,0,0,0
Brian Anderson,1,4,0,0,0,0,0,1,0,0,0,0,1,0
Elvis Andrus,0,4,0,0,0,0,0,0,0,0,0,1,0,0
Aristides Aquino,1,2,0,0,1,0,0,1,0,0,0,0,1,0
Orlando Arcia,1,3,0,0,0,0,0,0,0,0,0,0,0,0
Nolan Arenado,2,4,0,0,0,0,0,0,0,0,0,0,0,0
Randy Arozarena,2,3,1,0,0,0,1,1,0,0,0,0,0,0
Luis Arraez,1,1,2,0,0,0,1,0,0,0,0,0,0,0
Willians Astudillo,3,4,1,0,2,0,0,0,0,0,0,0,2,0
Akil Baddoo,2,4,1,1,4,1,0,1,0,0,0,0,0,0
Javier Báez,1,3,1,1,1,0,0,0,1,0,0,0,0,0
Tucker Barnhart,1,4,0,0,0,0,0,3,0,0,0,0,0,0
Jake Bauers,0,1,0,0,0,0,0,0,0,0,0,0,0,0
Matt Beaty,0,2,0,0,0,0,0,1,0,0,0,0,0,0
Cody Bellinger,1,6,0,0,0,0,0,2,0,0,0,0,0,0
Brandon Belt,0,1,0,0,0,0,0,1,0,0,0,0,0,0
Andrew Benintendi,1,5,0,0,0,0,0,1,0,0,0,0,0,0
Jon Berti,0,3,1,0,0,0,1,2,0,0,0,0,0,0
Mookie Betts,1,4,1,0,0,0,2,0,0,0,0,0,0,0
Bo Bichette,1,4,0,0,0,0,0,1,1,0,0,1,0,0
Cavan Biggio,1,2,3,1,1,0,2,0,1,0,0,0,0,0
Alex Blandino,0,1,0,0,0,0,0,1,0,0,0,0,0,0
Xander Bogaerts,4,5,1,0,1,0,0,0,0,0,0,0,1,0
Alec Bohm,1,4,0,0,0,0,0,1,0,0,0,0,0,0
David Bote,1,3,1,1,1,0,0,0,0,0,0,0,0,0
Jackie Bradley Jr,0,4,0,0,0,0,0,1,0,0,0,0,0,0
Alex Bregman,2,5,0,0,1,0,0,2,0,0,0,0,0,0
Lewis Brinson,0,1,0,0,0,0,0,0,0,0,0,0,0,0
Mike Brosseau,0,3,0,0,0,0,0,1,0,0,0,0,0,0
Jay Bruce,0,2,1,0,0,0,2,1,0,0,0,0,0,0
Kris Bryant,0,3,0,0,0,0,1,1,0,0,0,0,0,0
Miguel Cabrera,0,3,0,0,0,0,0,0,0,0,0,0,0,0
Jeimer Candelario,0,4,0,0,0,0,0,0,0,0,0,0,0,0
Mark Canha,2,5,1,1,1,0,0,0,0,0,0,0,0,0
Victor Caratini,1,2,0,0,2,0,1,1,0,1,0,0,0,0
Dylan Carlson,0,3,0,0,0,0,1,1,0,0,0,0,0,0
Matt Carpenter,0,1,0,0,0,0,0,1,0,0,0,0,0,0
Nick Castellanos,2,4,1,1,1,0,1,0,0,0,0,0,0,0
Harold Castro,0,1,0,0,0,0,0,1,0,0,0,0,0,0
Willi Castro,0,4,0,0,0,0,0,1,0,0,0,0,0,0
Jake Cave,0,6,0,0,0,0,0,0,0,0,0,0,0,0
Yu Chang,0,2,0,0,0,0,0,0,0,0,0,0,0,0
Matt Chapman,1,4,0,0,1,0,0,1,0,0,0,0,0,0
Michael Conforto,2,5,0,0,1,0,0,1,0,0,0,0,0,0
Willson Contreras,1,3,1,1,2,0,0,0,1,0,0,0,0,0
Franchy Cordero,2,4,1,0,2,0,0,1,0,0,0,0,1,0
Carlos Correa,2,5,0,0,1,0,0,1,0,0,0,0,1,0
Brandon Crawford,0,4,0,0,0,0,0,1,0,0,0,0,0,0
J.P. Crawford,1,4,0,0,0,0,0,1,0,0,0,0,0,0
Jake Cronenworth,3,5,0,0,0,0,0,0,0,0,0,0,0,0
Nelson Cruz,3,6,3,2,5,0,0,1,0,0,0,0,1,0
Charlie Culberson,0,3,0,0,0,0,0,0,0,0,0,1,0,0
David Dahl,0,4,0,0,0,0,0,2,0,0,0,0,0,0
J.D. Davis,1,3,1,0,0,0,1,2,0,0,0,0,0,0
Jonathan Davis,0,4,0,0,0,0,0,1,0,0,1,0,0,0
Austin Dean,0,4,0,0,0,0,0,3,0,0,0,0,0,0
Paul DeJong,0,3,1,0,0,0,1,3,0,0,0,0,0,0
Rafael Devers,0,5,0,0,0,0,0,2,0,0,0,0,0,0
Aledmys Díaz,0,3,0,0,0,0,1,1,0,0,0,0,0,0
Yandy Díaz,0,0,0,0,1,0,1,0,0,0,0,0,0,0
Alex Dickerson,0,2,0,0,0,0,0,0,0,0,0,0,0,0
Corey Dickerson,0,4,0,0,0,0,0,1,0,0,0,0,0,0
Wilmer Difo,0,1,0,0,0,0,0,1,0,0,0,0,0,0
Mauricio Dubón,1,4,0,0,0,0,0,2,0,0,0,0,0,0
Matt Duffy,1,3,0,0,0,0,0,0,0,0,0,0,1,0
Adam Duvall,0,4,0,0,0,0,0,1,0,0,0,0,0,0
Jarrod Dyson,0,0,0,0,0,0,0,0,0,0,0,0,0,0
Tommy Edman,1,3,2,1,1,0,1,0,0,0,0,0,0,0
Phillip Evans,1,4,1,1,1,0,0,2,0,0,0,0,0,0
Kyle Farmer,0,1,0,0,0,0,0,0,0,0,0,0,0,0
David Fletcher,0,5,1,0,1,0,0,0,0,0,0,0,0,0
Wilmer Flores,0,2,0,0,0,0,1,1,0,0,0,0,0,0
Dexter Fowler,1,4,0,0,1,0,0,1,0,0,0,0,0,0
Dustin Fowler,0,3,0,0,0,0,0,2,0,0,0,0,0,0
Jake Fraley,0,2,0,0,0,0,2,1,0,0,0,0,0,0
Ty France,0,3,0,0,0,0,0,2,1,0,0,0,0,0
Maikel Franco,0,4,0,0,0,0,0,1,0,0,0,0,0,0
Adam Frazier,0,3,0,0,0,0,1,1,0,0,0,0,0,0
Clint Frazier,1,3,0,0,0,0,1,0,0,0,0,0,0,0
Joey Gallo,0,3,0,0,0,0,0,3,1,0,0,0,0,0
Freddy Galvis,1,3,0,0,0,1,0,0,0,0,0,0,0,0
Ben Gamel,0,1,0,0,0,0,0,0,0,0,0,0,0,0
Avisaíl García,1,4,1,0,0,0,0,1,0,0,0,0,0,0
Leury García,1,4,1,0,0,0,0,1,0,0,0,0,0,0
Robel García,0,1,0,0,0,0,0,0,0,0,0,0,0,0
Kyle Garlick,1,1,2,0,1,0,1,0,0,0,0,0,1,0
Mitch Garver,0,1,0,0,0,0,0,1,0,0,0,0,0,0
Paul Goldschmidt,1,3,1,0,0,0,1,1,0,0,0,0,0,0
Erik González,0,4,0,0,0,0,0,2,0,0,0,0,0,0
Marwin Gonzalez,1,3,2,0,0,0,1,1,0,0,0,0,0,0
Niko Goodrum,1,3,1,0,0,0,1,1,0,0,0,0,0,0
Yasmani Grandal,2,4,2,1,3,0,1,0,0,0,0,0,0,0
Didi Gregorius,1,3,0,0,1,0,0,0,0,1,0,1,0,0
Randal Grichuk,2,3,1,0,1,0,1,0,0,0,0,0,0,0
Robbie Grossman,0,3,0,0,0,0,0,2,0,0,0,0,0,0
Vladim Guerrero_Jr.,1,3,1,0,1,0,0,1,1,0,0,0,0,0
Luis Guillorme,0,0,0,0,0,0,0,0,0,0,0,1,0,0
Yuli Gurriel,2,3,1,0,0,0,2,0,0,0,0,1,0,0
Sam Haggerty,0,4,0,0,0,0,0,1,0,0,0,0,0,0
Billy Hamilton,1,4,0,0,1,0,0,0,0,0,0,0,0,0
Mitch Haniger,2,4,0,0,0,0,0,2,0,0,0,0,2,0
Ian Happ,0,2,1,0,0,0,1,1,0,0,0,0,0,0
Bryce Harper,0,1,1,0,1,0,2,1,1,0,0,0,0,0
Adam Haseley,0,3,0,0,0,0,0,1,0,0,0,0,0,0
César Hernández,0,3,0,0,0,0,1,1,0,0,0,0,0,0
Kiké Hernández,1,5,0,0,1,0,0,3,0,0,0,0,1,0
Teoscar Hernández,0,4,0,0,0,0,0,2,0,0,0,0,0,0
Jason Heyward,0,0,0,0,0,0,0,0,0,0,0,0,0,0
Aaron Hicks,0,3,1,0,1,0,1,0,0,0,0,0,0,0
Keston Hiura,0,4,0,0,0,0,0,2,0,0,0,0,0,0
Brock Holt,1,4,0,0,1,0,0,1,0,0,0,0,1,0
Rhys Hoskins,2,4,1,0,0,0,0,1,0,0,0,0,1,0
Eric Hosmer,0,4,0,0,0,0,0,2,1,0,0,0,0,0
José Iglesias,2,4,1,0,1,0,0,0,0,0,0,0,0,0
Jonathan India,1,4,0,0,1,0,0,2,0,0,0,0,0,0
Kyle Isbel,0,1,0,0,0,0,0,1,0,0,0,0,0,0
Danny Jansen,0,2,0,0,0,0,1,1,0,0,0,0,0,0
Ryan Jeffers,1,4,1,0,1,0,1,3,0,0,0,0,0,0
JaCoby Jones,1,2,0,0,0,0,0,0,0,0,0,0,0,0
Matt Joyce,0,1,0,0,0,0,0,0,0,0,0,0,0,0
Aaron Judge,2,3,2,1,1,0,1,1,0,0,0,0,0,0
Tony Kemp,0,3,0,0,0,0,1,1,0,0,0,0,0,0
Max Kepler,1,2,1,0,1,0,2,1,0,0,0,0,1,0
Kevin Kiermaier,0,1,0,0,0,0,0,0,0,0,0,0,0,0
Ha-Seong Kim,0,3,0,0,0,0,0,1,0,0,0,0,0,0
Isiah Kiner-Falefa,2,4,1,0,0,0,0,0,0,0,0,0,0,0
Alejandro Kirk,0,1,0,0,0,0,0,0,0,0,0,0,0,0
Tommy La Stella,0,1,0,0,0,0,0,0,0,0,0,0,0,0
DJ LeMahieu,1,3,1,0,1,0,2,1,0,0,0,0,0,0
Francisco Lindor,1,4,0,0,0,0,1,1,0,0,0,0,0,0
Evan Longoria,1,4,1,1,1,0,0,0,0,0,0,1,0,0
Nicky Lopez,2,3,1,0,0,0,1,0,0,0,0,0,0,0
Brandon Lowe,2,3,0,0,0,0,1,0,0,0,0,0,0,0
Nate Lowe,1,4,0,0,1,0,0,2,0,0,0,0,0,0
Jed Lowrie,0,4,1,0,0,0,1,0,0,0,0,0,0,0
Jordan Luplow,0,1,0,0,0,0,2,0,0,0,0,0,0,0
Gavin Lux,0,0,0,0,0,0,0,0,0,0,0,0,0,0
Manny Machado,1,4,0,0,0,0,1,0,0,0,0,0,0,0
Nick Madrigal,0,4,0,0,0,0,1,0,0,0,0,0,0,0
Martín Maldonado,0,3,1,0,0,0,1,1,0,0,0,0,0,0
Trey Mancini,0,4,0,0,0,0,0,3,0,0,0,0,0,0
Tucupita Marcano,0,1,0,0,0,0,0,0,0,0,0,0,0,0
Manuel Margot,1,3,0,0,1,0,1,2,0,0,0,0,0,0
Jake Marisnick,0,2,1,0,0,1,1,1,0,0,0,0,0,0
Starling Marte,0,1,0,0,1,0,0,0,2,1,0,0,0,0
J.D. Martinez,2,3,2,1,3,0,2,0,0,0,0,0,0,0
Jorge Mateo,0,1,0,0,0,0,0,0,0,0,0,0,0,0
Nomar Mazara,0,2,0,0,0,0,0,0,0,0,0,1,0,0
Ryan McBroom,0,2,1,0,0,0,1,2,0,0,0,0,0,0
James McCann,1,4,0,0,1,0,0,1,0,0,0,0,0,0
Chas McCormick,0,1,0,0,0,0,0,0,0,0,0,0,0,0
Andrew McCutchen,1,3,0,0,0,0,1,1,0,0,0,0,0,0
Ryan McKenna,0,2,0,0,0,0,1,1,0,0,0,0,0,0
Billy McKinney,0,0,0,0,0,0,0,0,0,0,0,0,0,0
Zach McKinstry,3,4,1,0,3,0,0,0,0,1,0,0,1,0
Jeff McNeil,0,4,0,0,0,0,0,0,0,0,0,0,0,0
Austin Meadows,0,5,0,0,0,0,0,2,0,0,0,0,0,0
Yermín Mercedes,3,4,2,0,0,0,1,0,0,0,0,0,1,0
Whit Merrifield,2,3,1,1,3,0,1,0,0,1,0,0,0,0
Brad Miller,1,1,1,0,0,0,0,0,0,0,0,0,0,0
Yadier Molina,1,4,0,0,2,0,0,1,0,0,0,0,1,0
Yoán Moncada,2,5,1,0,0,0,0,3,0,0,0,0,0,0
Dylan Moore,0,3,0,0,0,1,1,3,0,0,0,0,0,0
Colin Moran,2,4,1,1,1,0,0,2,0,0,0,0,0,0
Mitch Moreland,1,3,0,0,0,0,0,2,0,0,0,0,0,0
Ryan Mountcastle,0,4,0,0,0,0,0,2,0,0,0,0,0,0
Mike Moustakas,2,3,2,1,1,0,1,1,0,0,0,0,1,0
Cedric Mullins,1,4,0,0,0,0,0,1,0,0,0,0,0,0
Max Muncy,3,4,2,0,0,0,0,1,0,0,0,0,0,0
Sean Murphy,0,3,0,0,0,0,1,1,0,0,0,0,0,0
Tom Murphy,0,3,0,0,0,0,1,1,0,0,0,1,0,0
Wil Myers,1,2,0,0,0,0,2,0,0,0,0,0,0,0
Tyler Naquin,0,2,0,0,0,0,1,0,0,0,0,0,0,0
Omar Narváez,2,3,1,1,3,0,0,0,0,0,0,0,0,0
Josh Naylor,0,3,0,0,0,0,0,1,0,0,0,0,0,0
Kevin Newman,0,1,0,0,0,0,0,0,0,0,0,0,0,0
Brandon Nimmo,1,3,0,0,0,0,1,2,0,0,0,0,0,0
Tyler O'Neill,0,4,0,0,0,0,0,2,0,0,1,0,0,0
Joseph Odom,0,1,0,0,0,0,0,0,0,0,0,0,0,0
Shohei Ohtani,0,0,1,0,0,0,0,0,1,0,0,0,0,0
Matt Olson,0,3,0,0,0,0,1,2,0,0,0,0,0,0
Joc Pederson,0,1,0,0,0,0,0,1,0,0,0,0,0,0
Roberto Pérez,0,3,0,0,0,0,0,1,0,0,0,0,0,0
Salvador Perez,0,3,0,0,0,0,1,1,0,0,0,0,0,0
Tommy Pham,0,5,0,0,0,0,0,1,0,0,0,0,0,0
Kevin Pillar,1,5,1,0,0,0,0,0,0,0,0,0,0,0
Stephen Piscotty,1,1,1,0,0,0,0,0,0,0,0,0,0,0
Gregory Polanco,0,4,0,0,0,0,0,2,0,0,0,0,0,0
Jorge Polanco,2,5,1,0,1,0,0,2,0,0,0,0,0,0
AJ Pollock,1,2,1,0,0,0,1,0,0,0,0,0,0,0
Buster Posey,1,4,0,0,0,0,0,0,0,0,0,0,0,0
Jurickson Profar,1,4,2,0,0,1,0,0,0,0,0,0,0,1
Albert Pujols,1,4,1,0,0,0,0,0,0,0,0,0,0,0
Roman Quinn,0,0,1,0,0,0,0,0,0,0,0,0,0,0
José Ramírez,1,4,0,0,0,0,0,1,0,0,0,0,0,0
Wilson Ramos,2,4,2,1,1,0,0,0,0,0,0,0,1,0
J.T. Realmuto,1,4,1,0,1,0,0,1,0,0,0,0,0,0
Anthony Rendon,1,3,1,0,1,0,1,1,0,1,0,0,0,0
Hunter Renfroe,2,3,2,0,1,0,0,0,0,1,0,0,0,0
Franmil Reyes,1,4,0,0,0,0,0,0,0,0,0,0,1,0
Victor Reyes,1,2,1,1,1,0,0,0,0,0,0,0,0,0
Bryan Reynolds,1,3,1,1,1,0,1,1,0,0,1,0,0,0
Edwin Ríos,0,4,1,0,0,0,1,2,0,0,0,0,0,0
Anthony Rizzo,0,4,0,0,0,0,0,0,0,0,0,0,0,0
Luis Robert,0,4,0,0,0,0,1,1,0,0,0,0,0,0
Daniel Robertson,0,1,0,0,0,0,0,1,0,0,0,0,0,0
Miguel Rojas,1,4,0,0,0,0,0,0,0,0,0,0,0,0
Brent Rooker,1,6,0,0,1,0,0,3,0,0,0,0,0,0
Amed Rosario,1,2,0,0,0,0,1,0,0,0,0,0,0,0
Eddie Rosario,0,4,0,0,0,0,0,1,0,0,0,0,0,0
Darin Ruf,1,1,1,1,1,0,1,0,0,0,0,0,0,0
Miguel Sanó,0,2,2,0,0,0,3,1,0,0,0,0,0,0
Gary Sánchez,0,4,0,0,0,0,0,3,0,0,0,1,0,0
Carlos Santana,0,4,0,0,0,0,0,0,0,0,0,0,0,0
Jonathan Schoop,1,4,1,0,0,0,0,0,0,0,0,0,0,0
Corey Seager,1,5,0,0,3,0,1,3,0,0,0,0,1,0
Kyle Seager,0,4,0,0,0,0,0,3,0,0,0,1,0,0
Jean Segura,0,4,0,0,0,0,0,1,0,0,0,0,0,0
Marcus Semien,2,5,1,1,2,0,0,1,0,0,0,0,0,0
Nick Senzel,0,2,2,0,0,0,2,1,0,0,0,0,0,0
Pedro Severino,1,3,0,0,0,0,1,2,0,0,0,0,0,0
Magneuris Sierra,1,1,0,0,0,0,0,0,0,0,0,0,0,0
Andrelton Simmons,1,2,2,0,2,0,3,1,0,0,0,0,0,0
Austin Slater,2,5,0,0,0,0,0,1,0,0,0,0,0,0
Will Smith,1,3,1,1,1,0,3,0,0,0,0,0,0,0
Eric Sogard,1,1,0,0,1,0,0,0,0,0,0,0,0,1
Nick Solak,0,3,1,0,0,0,0,2,1,0,0,1,0,0
Donovan Solano,2,4,0,0,0,1,0,0,0,0,0,0,0,0
Jorge Soler,0,3,0,0,0,0,1,2,0,0,0,0,0,0
Jacob Stallings,0,3,0,0,0,0,1,1,0,0,0,0,0,0
Giancarlo Stanton,1,4,1,1,4,0,0,1,0,0,0,0,0,0
Max Stassi,0,0,0,0,0,0,0,0,0,0,0,0,0,0
Myles Straw,1,3,1,0,0,0,1,0,0,0,0,0,0,0
Eugenio Suárez,0,4,0,0,0,0,0,2,0,0,0,1,0,0
Kurt Suzuki,0,1,0,0,0,0,2,0,0,0,0,0,0,0
Fernando Tatis_Jr.,0,2,0,0,0,0,0,1,0,0,0,0,0,0
Mike Tauchman,0,1,0,0,0,0,0,1,0,0,0,0,0,0
Leody Taveras,0,1,0,0,0,0,0,1,0,0,0,0,0,0
Chris Taylor,1,1,2,0,0,0,0,0,1,0,0,0,0,0
Michael A.,1,3,0,0,0,0,1,1,0,0,0,0,0,0
Rowdy Tellez,0,3,0,0,0,0,0,1,1,0,0,0,0,0
Ka'ai Tom,1,4,0,0,1,0,0,1,0,0,0,0,0,0
Gleyber Torres,1,4,0,0,0,0,0,2,0,0,0,0,0,0
Jose Trevino,1,4,0,0,0,0,0,2,0,0,0,0,0,0
Mike Trout,2,3,1,1,1,0,2,1,0,0,0,0,0,0
Yoshi Tsutsugo,1,5,1,0,0,0,0,1,0,0,0,0,0,0
Kyle Tucker,1,5,1,1,1,0,0,2,0,0,0,0,0,0
Justin Turner,2,6,1,1,2,0,0,1,0,0,0,1,0,0
Justin Upton,2,5,0,0,1,0,0,0,0,0,0,0,0,0
Luis Urías,0,4,0,0,0,0,0,3,0,0,0,0,0,0
Ramón Urías,1,3,0,0,0,0,0,2,0,0,0,0,0,0
Gio Urshela,1,4,1,0,0,0,0,0,0,0,0,0,0,0
Pat Valaika,0,4,0,0,0,0,0,1,0,0,0,0,0,0
Andrew Vaughn,0,3,0,0,1,0,0,2,1,0,0,0,0,0
Christian Vázquez,2,4,2,0,0,0,0,0,0,0,0,0,0,0
Alex Verdugo,2,4,1,0,2,0,0,1,0,1,0,0,1,0
Jonathan Villar,0,1,0,0,0,0,0,1,0,0,0,0,0,0
Daniel Vogelbach,0,0,0,0,0,0,1,0,0,0,0,0,0,0
Joey Votto,0,4,0,0,0,0,0,1,0,0,0,0,0,0
Tyler Wade,0,0,0,0,0,0,0,0,0,0,0,0,0,0
Jared Walsh,1,5,1,0,1,0,0,0,0,0,0,0,0,0
Joey Wendle,0,3,0,0,0,0,0,0,0,0,0,0,0,0
Eli White,0,2,0,0,0,0,1,1,0,0,0,0,0,0
Evan White,0,3,0,0,0,0,0,1,1,0,0,0,0,0
Justin Williams,0,0,0,0,0,0,0,0,0,0,0,0,0,0
Kolten Wong,0,3,0,0,0,0,0,1,1,0,0,0,0,0
Mike Yastrzemski,1,1,1,1,1,0,0,0,0,0,0,0,0,0
Christian Yelich,0,3,1,0,0,0,1,3,0,0,0,0,0,0
Mike Zunino,0,2,0,0,0,0,1,0,0,0,0,1,0,0
