José Abreu,1,4,1,1,5,0,0,2,0,1,0,0,0,0
Ronald Acuña_Jr.,2,5,2,2,3,0,0,0,0,0,0,0,0,0
Willy Adames,2,5,0,0,1,0,0,1,0,0,1,0,1,0
Jesús Aguilar,0,0,0,0,0,0,1,0,0,0,0,0,0,0
Ozzie Albies,0,4,0,0,0,0,0,2,0,0,0,1,0,0
Jorge Alfaro,1,4,0,0,0,0,0,2,0,0,0,0,0,0
Anthony Alford,0,2,0,0,0,0,0,1,0,0,0,0,0,0
Albert Almora_Jr.,0,1,0,0,0,0,0,0,0,0,0,0,0,0
Pete Alonso,2,4,2,1,2,0,1,1,0,0,0,1,1,0
Jose Altuve,0,4,0,0,0,0,0,1,0,0,0,0,0,0
Yordan Alvarez,2,4,0,0,0,0,0,1,0,0,0,0,1,0
Brian Anderson,1,3,0,0,0,0,1,1,0,0,0,0,0,0
Elvis Andrus,0,3,0,0,0,0,0,1,0,0,0,0,0,0
Aristides Aquino,0,1,0,0,0,0,0,0,0,0,0,0,0,0
Nolan Arenado,1,3,1,0,0,0,1,1,0,0,0,0,0,0
Randy Arozarena,1,5,0,0,1,0,0,3,1,0,0,0,0,0
Luis Arraez,0,5,0,0,0,0,0,2,0,0,0,0,0,0
Christian Arroyo,1,6,1,0,0,0,0,3,0,0,0,0,1,0
Willians Astudillo,2,4,0,0,1,0,0,0,0,0,0,0,0,0
Akil Baddoo,1,1,0,0,1,0,0,0,0,0,0,0,0,0
Javier Báez,0,3,0,0,0,0,0,3,0,0,0,0,0,0
Austin Barnes,2,4,0,0,1,0,0,2,0,0,0,0,1,0
Tucker Barnhart,3,4,2,0,3,0,0,0,0,0,0,0,1,0
Brandon Belt,0,3,0,0,0,0,0,3,0,0,0,0,0,0
Jon Berti,0,0,0,0,0,0,1,0,0,0,0,0,0,0
Mookie Betts,2,5,1,1,1,2,0,0,0,0,0,0,0,0
Bo Bichette,2,4,2,2,2,0,0,1,0,0,0,0,0,0
Cavan Biggio,0,4,0,0,0,0,0,2,0,0,0,0,0,0
Charlie Blackmon,0,5,0,0,0,0,1,1,0,0,0,0,0,0
Alex Blandino,0,1,0,0,0,0,0,0,0,0,0,0,0,0
Xander Bogaerts,1,4,1,0,0,1,1,3,0,0,0,0,0,0
Alec Bohm,1,4,0,0,0,0,0,0,0,0,0,0,0,0
David Bote,0,3,0,0,0,0,0,1,0,0,0,0,0,0
Jackie Bradley Jr,0,4,0,0,0,0,0,3,0,0,0,0,0,0
Alex Bregman,1,4,0,0,0,0,0,1,0,0,0,0,0,0
Mike Brosseau,1,3,0,0,0,0,0,0,0,0,0,0,1,0
Jay Bruce,1,3,2,1,1,0,1,0,0,0,0,0,0,0
Kris Bryant,1,4,0,0,0,0,0,2,0,0,0,0,1,0
Byron Buxton,1,2,1,1,1,0,0,0,0,0,0,0,0,0
Asdrúbal Cabrera,2,4,1,0,1,0,2,0,0,0,0,0,1,0
Miguel Cabrera,0,3,1,0,0,0,2,2,0,0,0,0,0,0
Johan Camargo,0,0,0,0,0,0,1,0,0,0,0,0,0,0
Jeimer Candelario,2,4,1,0,1,0,1,0,0,0,0,0,1,0
Mark Canha,0,4,0,0,0,0,0,2,0,0,0,0,0,0
Victor Caratini,1,3,1,1,2,0,0,0,0,0,0,0,0,0
Dylan Carlson,1,4,1,1,1,0,0,2,0,0,0,0,0,0
Matt Carpenter,0,3,0,0,0,0,1,0,0,0,0,0,0,0
Nick Castellanos,1,4,0,0,0,0,0,1,0,0,0,0,1,0
Harold Castro,0,0,1,0,0,0,0,0,0,0,0,0,0,0
Starlin Castro,1,4,0,0,0,0,0,2,0,0,0,0,0,0
Willi Castro,1,5,0,0,0,0,0,2,0,0,0,0,0,0
Jake Cave,2,3,0,0,0,0,1,0,0,0,0,0,1,0
Matt Chapman,0,4,0,0,0,0,0,2,0,0,0,0,0,0
Jazz Chisholm_Jr.,1,3,0,0,1,0,0,2,0,1,0,0,1,0
Zack Collins,2,5,1,1,3,0,0,2,0,0,0,0,1,0
Michael Conforto,1,5,0,0,1,0,0,1,0,0,0,0,1,0
Willson Contreras,0,2,0,0,0,0,1,0,1,0,1,0,0,0
Garrett Cooper,0,2,1,0,0,0,3,1,0,0,0,0,0,0
Franchy Cordero,1,2,0,0,0,0,0,1,0,0,0,0,1,0
Carlos Correa,1,3,1,1,2,0,1,0,0,0,0,0,0,0
Brandon Crawford,1,3,1,1,1,0,0,1,0,0,0,0,0,0
J.P. Crawford,1,4,1,0,0,0,0,0,0,0,0,0,0,0
C.J. Cron,0,5,0,0,0,0,0,2,0,0,0,1,0,0
Jake Cronenworth,1,4,1,0,0,0,0,0,0,0,0,0,0,0
Nelson Cruz,3,5,1,1,1,0,0,0,0,0,0,0,0,0
Charlie Culberson,0,0,0,0,0,0,0,0,0,0,0,0,0,0
Travis d'Arnaud,0,4,0,0,0,0,0,1,0,0,0,0,0,0
David Dahl,2,4,1,0,0,0,0,1,0,0,0,0,0,0
J.D. Davis,0,0,0,0,0,0,0,0,1,0,0,0,0,0
Yonathan Daza,0,1,0,0,0,0,0,0,0,0,0,0,0,0
Austin Dean,0,1,0,0,0,0,0,0,0,0,0,0,0,0
Paul DeJong,0,3,0,0,1,0,1,1,0,0,0,0,0,0
Rafael Devers,2,5,0,0,1,0,0,1,0,0,0,0,0,0
Aledmys Díaz,1,4,1,1,1,0,0,2,0,0,0,0,0,0
Elias Díaz,0,3,1,0,0,0,0,0,0,0,0,0,0,0
Yandy Díaz,0,5,1,0,0,0,1,1,0,0,0,0,0,0
Alex Dickerson,0,4,0,0,0,0,0,1,0,0,0,0,0,0
Corey Dickerson,1,4,1,0,0,0,0,0,1,0,0,0,0,0
Wilmer Difo,0,2,0,0,0,0,0,1,0,0,0,0,0,0
Matt Duffy,0,0,0,0,0,0,1,0,0,0,0,0,0,0
Adam Duvall,1,5,0,0,0,0,0,3,0,0,0,0,0,0
Adam Eaton,1,4,3,0,0,0,1,0,0,0,0,0,0,0
Tommy Edman,1,5,1,0,0,1,0,1,0,0,0,0,0,0
Eduardo Escobar,1,6,1,0,0,0,0,3,0,0,0,0,0,0
Phillip Evans,1,4,1,1,1,0,0,0,0,0,0,0,0,0
Kyle Farmer,0,2,0,0,0,0,0,0,0,0,0,0,0,0
David Fletcher,0,4,0,0,0,0,0,0,0,0,0,0,0,0
Wilmer Flores,0,4,0,0,0,0,0,0,0,0,0,0,0,0
Dustin Fowler,1,1,0,0,0,0,0,0,0,0,0,0,0,0
Jake Fraley,0,2,1,0,0,1,0,0,0,0,0,0,0,0
Ty France,3,5,0,0,1,0,0,1,0,0,0,1,1,0
Maikel Franco,2,4,0,0,0,0,0,0,0,0,0,0,1,0
Adam Frazier,0,4,0,0,0,0,0,1,0,0,0,0,0,0
Clint Frazier,0,4,0,0,0,0,0,1,0,0,0,0,0,0
Freddie Freeman,1,4,1,1,1,0,0,1,0,0,0,0,0,0
Josh Fuentes,1,2,1,0,1,0,0,0,0,0,0,0,1,0
Joey Gallo,0,3,0,0,0,0,1,0,0,0,0,0,0,0
Freddy Galvis,0,4,0,0,0,0,0,3,0,0,0,0,0,0
Avisaíl García,0,4,0,0,0,0,0,2,0,0,0,0,0,0
Leury García,0,5,0,0,0,0,0,2,0,0,0,0,0,0
Luis García,0,0,1,0,0,0,0,0,0,0,0,0,0,0
Brett Gardner,1,3,1,0,0,0,2,1,0,0,0,0,1,0
Kyle Garlick,0,0,0,0,0,0,0,0,0,0,0,0,0,0
Mitch Garver,0,1,0,0,0,0,0,0,0,0,0,0,0,0
Paul Goldschmidt,1,5,1,0,0,0,0,2,0,0,0,0,0,0
Erik González,0,3,0,0,0,0,0,0,0,0,0,0,0,0
Marwin Gonzalez,0,5,0,0,0,0,0,2,0,0,0,0,0,0
Niko Goodrum,3,5,1,0,0,0,0,0,0,0,0,0,1,0
Didi Gregorius,2,5,1,1,1,0,0,0,0,0,0,0,0,0
Grayson Greiner,1,3,0,0,0,0,0,1,0,0,0,0,0,0
Randal Grichuk,2,3,0,0,1,0,0,0,0,0,0,0,0,0
Robbie Grossman,2,4,0,0,2,0,1,1,0,0,0,0,1,0
Vladim Guerrero_Jr.,0,3,1,0,0,0,1,1,0,0,0,0,0,0
Luis Guillorme,0,2,1,0,0,0,1,0,0,0,0,0,0,0
Yuli Gurriel,0,4,0,0,0,0,0,3,0,0,0,0,0,0
Lourdes Gurriel_Jr.,1,4,1,0,0,0,0,0,0,0,0,0,0,0
Ronald Guzmán,1,4,1,1,1,0,0,1,0,0,0,0,0,0
Billy Hamilton,1,1,0,0,0,0,0,0,0,0,0,0,0,0
Garrett Hampson,1,5,0,0,1,0,0,1,0,1,0,0,0,0
Mitch Haniger,1,5,1,0,2,0,0,1,0,0,0,0,0,0
Ian Happ,0,3,0,0,0,0,1,1,0,0,0,0,0,0
Bryce Harper,0,4,0,0,0,0,1,0,0,0,0,0,0,0
Adam Haseley,2,3,2,0,0,0,0,0,0,0,0,0,1,0
Jonah Heim,1,4,1,1,1,0,0,0,0,0,0,0,0,0
Kiké Hernández,0,3,0,0,0,0,0,2,0,0,0,0,0,0
Teoscar Hernández,1,4,0,0,0,0,0,1,0,0,0,0,0,0
Yadiel Hernandez,0,1,0,0,0,0,0,0,0,0,0,0,0,0
Jason Heyward,0,2,0,0,0,0,1,0,0,0,0,0,0,0
Kyle Higashioka,1,3,1,0,0,0,1,1,0,0,0,0,1,0
Sam Hilliard,1,4,1,1,1,0,2,2,0,0,0,0,0,0
Brock Holt,1,4,0,0,1,0,0,1,0,0,0,0,0,0
Rhys Hoskins,2,2,1,0,1,0,0,0,0,0,0,0,1,0
Eric Hosmer,1,4,0,0,1,0,0,0,0,0,0,0,0,0
José Iglesias,1,3,0,0,0,0,0,2,0,0,0,1,1,0
Ender Inciarte,0,0,0,0,0,0,0,0,0,0,0,0,0,0
Jonathan India,3,4,3,0,4,0,0,0,0,1,0,0,0,1
Ryan Jeffers,0,2,0,0,0,0,1,1,0,0,0,0,0,0
JaCoby Jones,0,4,0,0,0,0,0,3,0,0,0,0,0,0
Matt Joyce,0,1,0,0,0,0,2,0,0,0,0,0,0,0
Aaron Judge,3,5,1,1,4,0,0,0,0,0,0,0,0,0
Carson Kelly,0,3,0,0,0,0,0,1,0,0,0,0,0,0
Tony Kemp,0,2,0,0,0,1,1,0,0,0,0,0,0,0
Max Kepler,1,5,1,0,0,0,0,3,0,0,0,0,1,0
Carter Kieboom,0,0,0,0,0,0,1,0,0,0,0,0,0,0
Ha-Seong Kim,1,2,1,0,0,0,1,0,0,0,0,0,0,0
Isiah Kiner-Falefa,1,4,1,0,0,1,0,0,0,0,0,0,0,0
Alejandro Kirk,0,3,0,0,0,0,0,1,0,0,0,0,0,0
Tommy La Stella,0,1,0,0,0,0,0,0,0,0,0,0,0,0
Ramón Laureano,2,4,0,0,1,1,0,0,0,0,0,0,1,0
DJ LeMahieu,1,5,1,0,0,0,0,0,0,0,0,0,0,0
Francisco Lindor,0,4,1,0,1,0,0,0,0,1,0,0,0,0
Tim Locastro,0,2,0,0,0,0,0,0,1,0,0,0,0,0
Evan Longoria,0,3,0,0,0,0,0,0,0,0,0,0,0,0
Brandon Lowe,0,2,2,0,0,0,2,1,1,0,0,0,0,0
Nate Lowe,2,3,2,2,4,0,1,1,0,0,0,0,0,0
Jed Lowrie,2,4,1,0,0,0,0,0,0,0,0,0,1,0
Jonathan Lucroy,1,4,0,0,2,0,0,1,0,0,0,0,1,0
Gavin Lux,1,3,0,0,0,0,1,0,0,0,0,0,0,0
Manny Machado,1,3,0,0,0,0,1,1,0,0,1,0,0,0
Nick Madrigal,1,3,1,0,0,1,0,0,1,0,0,0,0,0
Martín Maldonado,0,4,0,0,0,0,0,4,0,0,0,0,0,0
Trey Mancini,1,4,0,0,0,0,0,2,0,0,0,0,1,0
Tucupita Marcano,1,1,0,0,0,0,0,0,0,0,0,0,0,0
Manuel Margot,1,5,0,0,2,0,0,2,0,0,0,0,0,0
José Marmolejos,0,1,0,0,0,0,1,1,0,0,0,0,0,0
Ketel Marte,3,7,1,0,2,0,0,2,0,0,0,0,2,0
Starling Marte,1,5,0,0,0,0,0,0,0,0,0,0,0,0
J.D. Martinez,2,6,0,0,3,0,0,0,0,0,0,0,2,0
Nomar Mazara,0,1,0,0,0,0,0,0,0,0,0,0,0,0
James McCann,1,3,1,0,0,0,1,0,0,0,0,0,0,0
Chas McCormick,0,0,1,0,0,0,0,0,0,0,0,0,0,0
Andrew McCutchen,0,1,0,0,0,0,0,1,0,0,0,0,0,0
Zach McKinstry,0,4,0,0,0,0,0,1,0,0,0,0,0,0
Ryan McMahon,4,6,3,3,4,0,0,0,0,0,0,0,1,0
Jeff McNeil,0,3,0,0,0,0,1,1,0,0,0,1,0,0
Austin Meadows,0,2,0,0,0,0,1,0,0,0,0,0,0,0
Francisco Mejía,1,3,0,0,0,0,1,0,0,0,0,0,0,0
Yermín Mercedes,1,5,0,0,0,0,0,1,0,0,0,0,0,0
Brad Miller,0,4,0,0,0,0,0,4,0,0,0,0,0,0
Yadier Molina,2,3,0,0,1,0,0,1,0,1,0,0,0,0
Yoán Moncada,0,3,1,0,0,0,2,1,0,0,0,0,0,0
Dylan Moore,1,2,1,0,0,0,0,1,0,0,0,0,1,0
Colin Moran,1,4,0,0,0,0,0,2,0,0,0,0,0,0
Mitch Moreland,0,4,0,0,0,0,0,2,0,0,0,0,0,0
Ryan Mountcastle,2,4,1,0,0,0,0,1,0,0,0,0,0,0
Mike Moustakas,2,3,2,0,0,0,0,0,0,0,0,0,0,0
Cedric Mullins,1,4,0,0,0,1,0,2,0,0,0,0,0,0
Max Muncy,1,3,1,1,2,0,0,0,1,0,0,0,0,0
Sean Murphy,0,4,0,0,0,0,0,3,0,0,0,0,0,0
Tom Murphy,2,2,0,0,0,0,0,0,0,0,0,0,0,0
Wil Myers,1,3,0,0,0,1,0,1,0,0,0,0,0,0
Tyler Naquin,3,4,2,2,7,0,1,0,0,0,0,0,0,0
Omar Narváez,2,3,1,1,1,0,1,1,0,0,0,0,0,0
Kevin Newman,1,4,0,0,0,0,0,0,0,0,0,0,1,0
Brandon Nimmo,0,2,1,0,1,1,3,1,0,0,0,0,0,0
John Nogowski,0,0,0,0,0,0,1,0,0,0,0,0,0,0
Dom Nuñez,1,2,1,1,1,0,0,1,0,0,0,0,0,0
Tyler O'Neill,0,4,0,0,0,0,0,2,0,0,0,2,0,0
Shohei Ohtani,2,4,1,0,0,1,0,0,0,0,0,0,0,0
Chris Owings,0,1,0,0,0,0,0,0,0,0,0,0,0,0
Marcell Ozuna,1,3,0,0,0,0,1,0,0,0,0,0,0,0
Cristian Pache,1,4,0,0,0,0,0,2,0,0,0,0,0,0
Kevin Padlo,0,2,0,0,0,0,0,1,0,0,0,0,0,0
Joc Pederson,0,2,0,0,0,0,1,1,0,0,0,0,0,0
David Peralta,1,6,0,0,0,0,0,2,0,0,0,0,0,0
Geraldo Perdomo,1,5,1,0,0,0,1,1,0,0,0,1,0,0
Hernán Pérez,1,3,1,0,0,0,1,2,0,0,0,0,0,0
Tommy Pham,1,4,0,0,0,0,0,2,0,0,0,0,0,0
Kevin Pillar,0,0,1,0,0,1,1,0,0,0,0,0,0,0
Stephen Piscotty,1,3,0,0,0,0,1,0,0,0,0,0,1,0
Jorge Polanco,0,5,0,0,0,1,0,1,0,0,0,0,0,0
AJ Pollock,1,3,0,0,0,0,1,1,0,0,0,0,0,0
Buster Posey,1,3,0,0,0,0,0,2,0,0,0,0,0,0
Jurickson Profar,0,3,0,0,0,0,0,1,0,0,0,0,0,0
Albert Pujols,0,4,0,0,0,0,0,1,0,0,0,0,0,0
Roman Quinn,0,3,0,0,0,0,0,2,1,0,0,0,0,0
Wilson Ramos,0,4,0,0,0,0,1,4,0,0,0,0,0,0
J.T. Realmuto,1,5,0,0,1,0,0,1,0,0,0,0,0,0
Hunter Renfroe,1,5,1,0,0,0,0,1,0,0,0,0,1,0
Bryan Reynolds,1,4,0,0,0,0,0,1,0,0,0,0,1,0
Austin Riley,1,4,1,0,0,0,0,2,0,0,0,0,0,0
Edwin Ríos,2,4,2,1,1,0,0,1,0,0,0,0,0,0
Anthony Rizzo,0,4,0,0,0,0,0,2,0,0,0,0,0,0
Luis Robert,2,4,2,1,2,0,1,2,0,0,0,0,0,0
Daniel Robertson,0,2,0,0,0,0,0,0,0,0,0,0,0,0
Victor Robles,1,3,2,0,0,0,2,1,0,0,0,0,0,0
José Rojas,0,2,0,0,0,0,1,1,0,0,0,1,0,0
Josh Rojas,0,1,0,0,0,0,0,1,0,0,0,0,0,0
Miguel Rojas,1,4,0,0,0,1,0,0,0,0,0,0,0,0
Brent Rooker,0,3,0,0,0,0,0,2,0,0,0,0,0,0
Rio Ruiz,1,4,1,1,2,0,0,2,0,0,0,0,0,0
Miguel Sanó,0,4,0,0,0,0,0,2,0,0,0,0,0,0
Pablo Sandoval,0,0,0,0,0,0,1,0,0,0,0,0,0,0
Anthony Santander,0,4,0,0,0,0,0,1,0,0,0,0,0,0
Jonathan Schoop,0,3,0,0,0,0,1,2,0,0,0,0,0,0
Corey Seager,0,5,0,0,0,0,0,2,0,0,0,0,0,0
Kyle Seager,0,4,0,0,0,0,1,3,0,0,0,0,0,0
Jean Segura,2,4,0,0,0,0,0,0,0,0,0,0,0,0
Marcus Semien,0,4,0,0,0,0,0,2,0,0,0,0,0,0
Nick Senzel,3,4,4,0,0,0,1,0,0,0,0,0,0,0
Pedro Severino,0,3,0,0,0,0,0,1,0,0,0,0,0,0
Travis Shaw,1,4,1,1,3,0,0,1,0,0,0,0,0,0
Magneuris Sierra,0,0,0,0,0,0,0,0,0,0,0,0,0,0
Andrelton Simmons,0,1,0,0,0,0,0,1,0,0,0,0,0,0
Chance Sisco,0,3,0,0,0,0,0,2,0,0,0,0,0,0
Austin Slater,1,3,0,0,0,0,0,1,0,0,0,0,0,0
Dominic Smith,1,4,1,1,2,0,0,2,0,0,0,0,0,0
Pavin Smith,0,4,0,0,0,0,0,1,0,0,0,0,0,0
Nick Solak,2,4,1,0,0,2,0,0,0,0,0,0,0,0
Juan Soto,1,5,0,0,1,0,0,1,0,0,0,0,0,0
Jacob Stallings,0,3,0,0,0,0,1,0,0,0,0,0,0,0
Giancarlo Stanton,2,4,0,0,1,0,0,1,0,0,0,0,1,0
Max Stassi,1,3,0,0,0,0,0,0,0,0,0,0,0,0
Andrew Stevenson,2,4,1,0,1,0,0,0,0,0,0,0,0,0
Trevor Story,0,5,1,0,0,0,1,2,0,0,0,0,0,0
Myles Straw,1,3,0,0,0,0,1,1,0,0,0,0,0,0
Eugenio Suárez,0,4,1,0,0,0,1,4,0,0,0,0,0,0
Dansby Swanson,1,4,1,1,1,0,0,1,0,0,0,0,0,0
Raimel Tapia,1,6,0,0,0,0,0,1,0,0,0,0,0,0
Leody Taveras,1,3,0,0,0,0,0,2,0,0,0,0,0,0
Rowdy Tellez,0,4,0,0,0,0,0,1,0,0,0,0,0,0
Luis Torrens,1,4,0,0,0,0,0,2,0,0,0,0,0,0
Gleyber Torres,1,4,0,0,0,0,0,2,0,0,0,0,0,0
Taylor Trammell,0,3,0,0,0,0,1,3,0,0,0,0,0,0
Mike Trout,1,4,1,1,2,0,0,1,0,0,0,0,0,0
Kyle Tucker,1,4,1,1,1,0,0,2,0,0,0,0,0,0
Justin Turner,2,5,1,0,0,0,0,0,0,0,0,0,1,0
Trea Turner,1,4,1,1,2,0,0,1,1,0,0,0,0,0
Justin Upton,0,4,0,0,0,0,0,0,0,0,0,0,0,0
Luis Urías,1,4,0,0,0,0,0,1,0,0,0,0,0,0
Gio Urshela,1,3,1,0,0,0,1,0,0,0,0,0,0,0
Josh VanMeter,0,1,0,0,0,0,0,0,0,0,0,0,0,0
Andrew Vaughn,1,2,1,0,0,0,2,0,0,0,0,0,1,0
Christian Vázquez,1,4,1,1,1,1,1,1,0,0,0,0,0,0
Alex Verdugo,1,4,2,0,0,0,1,1,1,0,0,0,1,0
Jonathan Villar,0,1,0,0,0,0,0,0,0,0,0,0,0,0
Daniel Vogelbach,0,2,1,0,0,0,1,0,0,0,0,0,0,0
Stephen Vogt,2,4,3,1,3,0,0,1,0,0,0,0,0,0
Joey Votto,1,4,0,0,0,0,0,0,0,0,0,0,0,0
Tyler Wade,0,0,0,0,0,0,0,0,0,0,0,0,0,0
Christian Walker,1,7,2,1,2,0,0,0,0,0,0,0,0,0
Jared Walsh,2,4,0,0,0,0,0,1,0,0,0,0,0,0
Joey Wendle,1,3,0,0,1,0,0,2,0,0,0,0,0,0
Evan White,0,5,0,0,0,0,0,3,0,0,0,0,0,0
Justin Williams,0,1,0,0,0,0,0,1,0,0,0,0,0,0
Tony Wolters,0,1,0,0,0,0,0,0,0,0,0,0,0,0
Kolten Wong,0,2,0,0,0,1,2,0,0,0,0,0,0,0
Mike Yastrzemski,0,3,0,0,0,1,1,2,0,0,0,0,0,0
Christian Yelich,1,3,1,0,0,0,1,1,0,0,0,1,0,0
Ryan Zimmerman,2,4,0,0,0,0,0,1,0,0,0,0,0,0
Mike Zunino,1,5,2,0,0,0,0,2,0,0,0,0,0,0
