José Abreu,1,5,0,0,0,1,0,2,0,0,0,0,0,0
Ronald Acuña_Jr.,3,4,2,0,1,1,0,0,0,0,0,0,1,0
Ronald Acuña_Jr.,0,2,0,0,0,1,1,1,0,0,0,0,0,0
Willy Adames,0,3,0,0,0,0,0,1,0,0,0,1,0,0
Jesús Aguilar,1,3,0,0,0,0,1,0,0,0,0,0,0,0
Ozzie Albies,1,4,1,0,1,0,0,0,0,0,0,0,0,0
Ozzie Albies,1,2,0,0,0,0,1,1,0,0,0,0,0,0
Anthony Alford,0,1,0,0,0,0,0,1,0,0,0,0,0,0
Albert Almora_Jr.,0,1,0,0,0,0,0,1,0,0,0,0,0,0
Pete Alonso,1,5,0,0,1,0,0,0,0,0,0,0,0,0
Brian Anderson,0,3,0,0,0,0,1,0,0,0,0,0,0,0
Elvis Andrus,0,3,0,0,1,0,0,2,0,1,0,0,0,0
Aristides Aquino,1,1,1,1,1,0,0,0,0,0,0,0,0,0
Nolan Arenado,1,5,0,0,0,0,0,2,0,0,0,0,0,0
Randy Arozarena,1,4,1,0,0,0,0,1,0,0,0,0,1,0
Christian Arroyo,1,4,0,0,1,0,0,0,0,0,0,0,1,0
Willians Astudillo,0,2,0,0,1,0,0,0,0,1,0,0,0,0
Akil Baddoo,1,3,0,0,1,0,0,0,0,0,0,0,0,1
Javier Báez,0,4,0,0,0,0,0,2,0,0,0,1,0,0
Austin Barnes,1,4,0,0,0,0,0,0,0,0,0,0,0,0
Tres Barrera,0,2,0,0,0,0,0,1,0,0,0,0,0,0
Jake Bauers,1,3,0,0,0,0,1,0,0,0,0,0,0,0
Brandon Belt,0,2,0,0,0,0,0,0,0,0,0,1,0,0
Andrew Benintendi,1,3,0,0,0,0,1,1,0,0,0,0,0,0
Jon Berti,0,4,0,0,0,0,0,1,0,0,0,0,0,0
Bo Bichette,1,4,0,0,0,0,0,1,0,0,0,0,0,0
Cavan Biggio,1,4,0,0,0,0,0,1,0,0,0,0,0,0
Braden Bishop,0,0,0,0,0,0,0,0,0,0,0,0,0,0
Alex Blandino,0,1,0,0,0,0,0,1,0,0,0,0,0,0
Xander Bogaerts,3,3,2,0,1,0,0,0,0,0,0,0,0,0
Alec Bohm,1,4,1,1,3,1,0,2,0,0,0,0,0,0
David Bote,0,1,0,0,0,0,0,0,0,0,0,0,0,0
Lewis Brinson,0,1,0,0,0,0,0,1,0,0,0,0,0,0
Mike Brosseau,1,2,0,0,1,0,0,0,0,0,0,0,0,0
Seth Brown,1,3,0,0,0,0,1,2,0,0,0,0,0,0
Jay Bruce,0,5,0,0,0,0,0,2,0,0,0,0,0,0
Kris Bryant,0,4,1,0,0,0,0,2,0,0,0,1,0,0
Byron Buxton,1,4,1,0,0,0,0,1,0,0,0,0,1,0
Asdrúbal Cabrera,0,3,0,0,0,0,1,1,0,0,0,0,0,0
Miguel Cabrera,1,4,0,0,0,0,0,1,0,0,0,0,1,0
Lorenzo Cain,2,5,2,2,4,0,0,0,0,0,0,0,0,0
Johan Camargo,0,1,0,0,0,0,0,1,0,0,0,0,0,0
Luis Campusano,0,4,0,0,0,0,0,2,0,0,0,0,0,0
Jeimer Candelario,0,3,0,0,0,0,1,2,0,0,0,0,0,0
Mark Canha,0,4,1,0,0,0,0,2,1,0,0,0,0,0
Dylan Carlson,1,4,1,1,4,0,0,1,0,0,0,0,0,0
Matt Carpenter,0,2,1,0,0,0,1,1,0,0,0,0,0,0
Curt Casali,0,3,0,0,0,0,1,1,0,0,0,0,0,0
Nick Castellanos,1,4,2,1,1,0,0,1,0,0,0,0,0,0
Starlin Castro,3,4,0,0,3,0,0,0,0,0,0,0,1,0
Starlin Castro,0,3,0,0,0,0,0,0,0,0,0,0,0,0
Willi Castro,3,4,0,0,0,0,0,0,0,0,0,0,0,0
Jake Cave,1,3,0,0,0,0,0,2,0,0,0,0,0,0
Matt Chapman,2,4,2,1,1,0,0,1,0,0,0,0,0,0
Jazz Chisholm_Jr.,0,3,0,0,0,0,1,1,0,0,0,0,0,0
Zack Collins,1,4,0,0,2,0,0,2,0,0,0,0,0,0
Michael Conforto,0,5,0,0,0,0,0,2,0,0,0,0,0,0
Willson Contreras,0,0,0,0,0,0,1,0,0,0,0,0,0,0
Garrett Cooper,0,4,0,0,0,0,0,2,0,0,0,0,0,0
Franchy Cordero,1,1,0,0,0,0,0,0,0,0,0,0,0,0
Brandon Crawford,0,0,0,0,0,0,0,0,0,0,0,0,0,0
J.P. Crawford,1,4,1,0,1,0,0,0,0,0,0,0,0,0
C.J. Cron,1,3,1,0,1,0,0,2,1,0,0,0,1,0
Jake Cronenworth,0,4,0,0,0,0,0,0,0,0,0,0,0,0
Nelson Cruz,1,4,1,0,0,0,0,1,0,0,0,0,0,0
Charlie Culberson,2,3,0,0,0,0,0,1,0,0,0,0,1,0
Travis d'Arnaud,1,4,0,0,2,0,0,1,0,0,0,0,1,0
Travis d'Arnaud,0,1,0,0,0,0,0,0,0,0,0,0,0,0
David Dahl,0,4,0,0,0,0,0,3,0,0,0,0,0,0
Bobby Dalbec,2,4,0,0,0,0,0,0,0,0,0,0,0,0
Jonathan Davis,0,0,0,0,0,0,0,0,0,0,0,0,0,0
Yonathan Daza,1,4,1,0,0,0,0,1,0,0,0,0,0,0
Paul DeJong,0,2,1,0,0,0,2,0,0,0,0,0,0,0
Rafael Devers,0,3,1,0,0,0,1,1,0,0,0,0,0,0
Elias Díaz,1,3,1,0,0,0,1,1,0,0,0,0,0,0
Yandy Díaz,0,4,0,0,0,0,0,2,0,0,0,0,0,0
Alex Dickerson,0,1,1,0,0,0,0,1,0,0,0,0,0,0
Corey Dickerson,2,3,0,0,0,0,1,0,0,0,1,0,1,0
Wilmer Difo,3,4,1,0,0,0,0,1,0,0,0,1,2,0
Hunter Dozier,0,4,0,0,0,0,0,1,0,0,0,0,0,0
Mauricio Dubón,0,2,0,0,0,0,1,2,0,0,0,0,0,0
Matt Duffy,0,1,0,0,0,0,0,0,0,0,0,0,0,0
Adam Eaton,0,4,1,0,0,1,1,0,0,0,0,1,0,0
Tommy Edman,3,5,1,0,0,1,0,1,0,0,0,0,0,0
Eduardo Escobar,0,4,0,0,0,0,0,0,0,0,0,0,0,0
Phillip Evans,2,4,1,0,0,0,0,0,0,0,0,0,1,0
Kyle Farmer,1,4,0,0,2,0,0,0,0,0,0,0,1,0
Wilmer Flores,0,2,0,0,0,0,0,0,0,0,0,0,0,0
Dustin Fowler,1,3,0,0,0,0,0,2,0,0,0,0,0,0
Ty France,1,4,2,0,0,0,1,2,0,0,0,0,0,0
Maikel Franco,0,4,0,0,0,0,0,2,0,0,0,0,0,0
Clint Frazier,0,5,0,0,0,0,0,2,0,0,0,0,0,0
Freddie Freeman,1,2,1,0,0,1,2,1,0,0,0,0,0,0
Freddie Freeman,0,3,0,0,0,0,0,0,0,0,0,0,0,0
Josh Fuentes,1,4,0,0,1,0,0,2,0,0,0,0,0,0
Joey Gallo,1,4,0,0,0,0,0,1,0,0,0,0,0,0
Freddy Galvis,0,3,0,0,0,0,0,1,0,0,0,0,0,0
Ben Gamel,0,3,1,0,0,0,1,1,0,0,0,0,0,0
Aramis Garcia,0,2,0,0,0,0,0,1,0,0,0,0,0,0
Avisaíl García,1,5,0,0,0,1,0,1,0,0,1,0,0,0
Luis García,0,1,0,0,0,0,1,0,0,0,0,0,0,0
Luis García,0,2,0,0,0,0,0,1,0,0,0,0,0,0
Brett Gardner,2,4,1,0,0,0,0,1,0,0,0,0,0,0
Kyle Garlick,2,3,1,0,0,0,0,0,0,0,0,0,0,0
Mitch Garver,0,4,0,0,0,0,0,3,0,0,0,1,0,0
Andrés Giménez,1,3,0,0,0,0,0,1,0,0,0,0,0,0
Paul Goldschmidt,1,5,0,0,1,0,0,0,0,0,0,0,0,0
Erik González,1,4,1,1,4,0,0,0,0,0,0,0,0,0
Yasmani Grandal,0,2,0,0,1,0,3,1,0,0,0,1,0,0
Didi Gregorius,1,4,0,0,0,0,0,2,0,0,0,1,0,0
Randal Grichuk,0,4,0,0,0,0,0,2,0,0,0,0,0,0
Robbie Grossman,0,4,0,0,0,0,0,3,0,0,0,0,0,0
Vladim Guerrero_Jr.,2,4,0,0,0,0,0,1,0,0,0,0,1,0
Luis Guillorme,2,3,0,0,0,0,1,0,0,0,0,1,0,0
Lourdes Gurriel_Jr.,0,4,0,0,0,0,0,2,0,0,0,0,0,0
Sam Haggerty,0,4,0,0,0,0,0,1,0,0,0,0,0,0
Billy Hamilton,0,1,1,0,0,1,1,0,0,0,0,0,0,0
Garrett Hampson,2,3,3,0,1,3,2,0,0,0,0,0,0,0
Mitch Haniger,0,3,0,0,1,0,1,1,0,1,0,0,0,0
Ian Happ,1,5,0,0,0,0,0,2,0,0,0,0,0,0
Bryce Harper,2,4,2,0,1,0,0,1,0,0,0,0,1,0
Adam Haseley,0,3,0,0,0,0,0,0,0,0,0,0,0,0
César Hernández,0,4,1,0,0,0,0,2,0,0,0,0,0,0
Kiké Hernández,2,5,1,0,0,0,0,1,0,0,0,0,0,0
Teoscar Hernández,0,4,0,0,0,0,0,3,0,0,0,0,0,0
Yadiel Hernandez,0,1,0,0,0,0,0,0,0,0,0,0,0,0
Jason Heyward,1,4,0,0,1,0,0,2,0,0,0,0,0,0
Aaron Hicks,1,5,0,0,1,0,0,2,0,0,0,0,0,0
Kyle Higashioka,1,1,0,0,1,0,0,0,0,0,0,0,0,0
Sam Hilliard,1,2,1,0,2,0,0,1,0,0,0,0,0,1
Keston Hiura,0,4,0,0,0,0,0,2,0,0,0,0,0,0
Rhys Hoskins,3,5,2,1,1,0,0,1,0,0,0,0,2,0
Eric Hosmer,1,4,0,0,0,0,0,1,0,0,0,0,0,0
Ender Inciarte,1,3,1,0,0,0,0,0,0,0,0,0,1,0
Ender Inciarte,0,0,0,0,0,0,0,0,0,0,0,0,0,0
Jonathan India,1,2,0,0,3,0,0,1,1,1,0,0,0,0
Kyle Isbel,0,3,1,0,0,0,1,2,0,0,0,0,0,0
Alex Jackson,0,2,0,0,0,0,0,0,0,0,0,0,0,0
Danny Jansen,1,3,0,0,0,0,0,1,0,0,0,0,1,0
Matt Joyce,0,0,0,0,0,0,0,0,1,0,0,0,0,0
Carson Kelly,1,2,0,0,0,0,1,0,0,0,0,1,1,0
Tony Kemp,0,0,0,0,0,0,0,0,0,0,0,0,0,0
Max Kepler,0,1,0,0,0,0,0,1,0,0,0,0,0,0
Carter Kieboom,0,1,0,0,0,0,0,1,0,0,0,0,0,0
Ha-Seong Kim,0,4,0,0,0,0,0,0,0,0,0,1,0,0
Isiah Kiner-Falefa,0,4,0,0,0,0,0,1,0,0,0,0,0,0
Tommy La Stella,0,1,0,0,0,0,0,0,0,0,0,0,0,0
Jake Lamb,0,2,1,0,0,0,3,1,0,0,0,0,0,0
Ramón Laureano,0,4,1,0,0,2,0,0,1,0,0,0,0,0
DJ LeMahieu,2,6,0,0,0,0,0,0,0,0,0,0,0,0
Francisco Lindor,1,3,0,0,0,0,1,0,1,0,0,0,0,0
Tim Locastro,0,3,0,0,0,0,0,0,0,0,0,0,0,0
Evan Longoria,2,4,1,0,0,0,1,1,0,0,0,0,1,0
Nicky Lopez,1,2,0,0,1,0,1,1,0,0,0,0,0,0
Brandon Lowe,0,2,0,0,0,0,2,1,0,0,0,0,0,0
Nate Lowe,0,4,0,0,0,1,0,1,0,0,0,0,0,0
Jed Lowrie,0,4,0,0,0,0,1,1,0,0,0,0,0,0
Jonathan Lucroy,1,3,0,0,0,0,0,0,0,0,0,0,0,0
Gavin Lux,1,5,0,0,0,0,0,1,0,0,0,0,0,0
Manny Machado,0,4,0,0,0,0,0,2,0,0,0,1,0,0
Nick Madrigal,1,3,1,0,0,0,1,0,0,0,0,0,1,0
Trey Mancini,0,4,0,0,0,0,1,2,0,0,0,0,0,0
Tucupita Marcano,0,1,0,0,0,0,0,0,0,0,0,0,0,0
Manuel Margot,0,2,0,0,0,0,0,0,0,0,0,0,0,0
Jake Marisnick,0,0,0,0,0,0,1,0,0,0,0,0,0,0
José Marmolejos,1,1,1,0,1,0,1,0,0,0,0,0,0,0
Ketel Marte,0,3,0,0,0,0,0,0,0,0,0,0,0,0
Starling Marte,0,3,0,0,0,0,1,0,0,0,0,0,0,0
J.D. Martinez,1,4,1,0,2,0,0,1,0,0,0,0,1,0
Jorge Mateo,1,4,0,0,1,0,0,2,0,0,0,0,0,0
Wyatt Mathisen,1,1,0,0,0,0,0,0,0,0,0,0,0,0
Nomar Mazara,1,4,0,0,0,0,0,1,0,0,0,0,0,0
James McCann,1,4,0,0,0,0,0,2,0,0,0,0,0,0
Andrew McCutchen,1,4,0,0,0,1,1,0,0,0,0,0,0,1
Ryan McKenna,0,1,0,0,0,0,0,1,0,0,0,0,0,0
Zach McKinstry,0,5,0,0,1,0,0,1,0,0,0,0,0,0
Ryan McMahon,0,3,0,0,0,0,1,0,0,0,0,0,0,0
Jeff McNeil,0,1,0,0,0,0,0,0,0,0,0,0,0,0
Austin Meadows,1,4,0,0,0,0,0,0,0,0,0,0,1,0
Francisco Mejía,1,3,1,0,0,0,0,0,0,0,0,0,1,0
Danny Mendick,1,3,0,0,1,0,1,1,0,0,0,0,0,0
Whit Merrifield,0,4,0,0,0,0,0,2,0,0,0,0,0,0
Yadier Molina,1,3,2,1,2,0,1,0,0,0,0,0,0,0
Dylan Moore,1,3,1,0,0,0,1,0,0,0,0,0,0,0
Colin Moran,0,3,1,0,0,0,1,1,0,0,0,0,0,0
Mitch Moreland,1,5,0,0,1,0,0,1,0,0,0,0,0,0
Ryan Mountcastle,0,4,0,0,0,0,0,1,0,0,0,0,0,0
Mike Moustakas,1,2,2,0,0,0,2,0,0,0,0,0,0,0
Cedric Mullins,1,4,1,1,1,0,1,2,0,0,0,0,0,0
Max Muncy,0,1,1,0,0,0,4,1,0,0,0,0,0,0
Sean Murphy,0,0,0,0,0,0,2,0,0,0,0,0,0,0
Tom Murphy,1,3,1,0,0,0,0,1,0,0,0,0,0,0
Wil Myers,1,4,1,1,1,0,0,1,0,0,0,0,0,0
Tyler Naquin,1,5,1,1,1,0,0,3,0,0,0,0,0,0
Omar Narváez,0,1,0,0,0,0,0,0,0,0,0,0,0,0
Josh Naylor,2,4,0,0,0,0,0,1,0,0,0,0,0,0
Kevin Newman,0,4,0,0,0,0,0,0,0,0,0,0,0,0
Tomás Nido,0,1,0,0,0,0,0,0,0,0,0,0,0,0
Brandon Nimmo,2,4,1,0,0,0,1,0,0,0,0,0,0,0
John Nogowski,0,0,1,0,0,0,0,0,1,0,0,0,0,0
Brian O'Grady,0,1,0,0,0,0,0,0,0,0,0,0,0,0
Tyler O'Neill,0,4,0,0,0,0,0,3,0,0,0,0,0,0
Joseph Odom,0,1,0,0,0,0,0,1,0,0,0,0,0,0
Chris Owings,3,3,1,0,2,0,0,0,0,0,0,0,2,1
Marcell Ozuna,0,3,0,0,0,0,1,2,0,0,0,0,0,0
Marcell Ozuna,0,3,0,0,0,0,0,0,0,0,0,0,0,0
Cristian Pache,0,0,0,0,0,0,0,0,0,0,0,0,0,0
Cristian Pache,0,2,0,0,0,0,1,2,0,0,0,0,0,0
Kevin Padlo,0,0,0,0,0,0,2,0,0,0,0,0,0,0
Joe Panik,2,4,0,0,0,0,0,0,0,0,0,0,0,0
Joc Pederson,1,4,1,1,1,0,0,1,0,0,0,0,0,0
David Peralta,0,4,0,0,0,0,0,1,0,0,0,0,0,0
Hernán Pérez,0,2,0,0,0,0,0,1,0,0,0,0,0,0
Hernán Pérez,0,3,0,0,0,0,0,3,0,0,0,0,0,0
Michael Perez,0,4,0,0,0,0,0,2,0,0,0,0,0,0
Roberto Pérez,0,2,0,0,0,0,1,2,0,0,0,0,0,0
Salvador Perez,1,3,1,1,1,0,1,2,0,0,0,0,0,0
Tommy Pham,0,1,0,0,0,0,0,0,0,0,0,0,0,0
Stephen Piscotty,1,2,0,0,0,0,1,1,0,0,0,0,0,0
Manny Piña,0,3,0,0,0,0,0,0,0,0,0,0,0,0
Kevin Plawecki,1,3,1,0,0,0,0,0,1,0,0,0,0,0
Gregory Polanco,0,3,0,0,0,0,1,1,0,0,0,0,0,0
Jorge Polanco,1,4,0,0,2,0,0,1,0,0,0,0,1,0
AJ Pollock,1,5,0,0,1,0,0,1,0,0,0,0,0,0
Jurickson Profar,1,3,1,0,0,0,1,0,0,0,0,0,0,0
Roman Quinn,0,1,1,0,0,2,0,1,1,0,0,0,0,0
José Ramírez,2,4,2,2,4,0,0,1,0,0,0,0,0,0
Wilson Ramos,1,2,1,1,1,0,0,1,0,0,0,0,0,0
J.T. Realmuto,1,3,2,1,3,0,1,0,0,0,0,0,0,0
Hunter Renfroe,0,4,1,0,0,0,0,0,0,0,0,0,0,0
Franmil Reyes,1,4,0,0,0,0,0,3,0,0,0,0,0,0
Victor Reyes,0,3,0,0,0,0,0,0,0,0,0,0,0,0
Bryan Reynolds,0,1,0,0,0,0,0,0,0,0,0,0,0,0
Austin Riley,1,3,1,0,0,0,0,1,0,0,0,0,0,0
Austin Riley,0,3,0,0,0,0,0,2,0,0,0,0,0,0
Edwin Ríos,0,1,0,0,0,0,0,1,0,0,0,0,0,0
Anthony Rizzo,0,3,0,0,0,0,1,1,0,0,0,0,0,0
Luis Robert,1,4,0,0,0,0,0,0,0,0,0,0,1,0
Daniel Robertson,1,4,1,0,0,0,0,0,0,0,0,1,0,0
Victor Robles,1,3,1,0,0,0,0,1,1,0,0,0,0,0
Victor Robles,0,1,0,0,0,1,2,0,0,0,0,0,0,0
Josh Rojas,1,4,0,0,0,0,0,0,0,0,0,0,0,0
Eddie Rosario,1,4,0,0,0,0,0,0,0,0,0,0,0,0
Darin Ruf,2,4,1,1,2,1,0,0,0,0,0,0,0,0
Rio Ruiz,1,4,1,0,0,0,0,1,0,0,0,0,0,0
Miguel Sanó,0,4,0,0,0,0,0,2,0,0,0,0,0,0
Gary Sánchez,2,3,0,0,0,0,1,0,0,0,0,0,1,0
Pablo Sandoval,0,1,0,0,0,0,0,1,0,0,0,0,0,0
Pablo Sandoval,1,1,1,1,2,0,0,0,0,0,0,0,0,0
Carlos Santana,0,4,0,0,0,0,0,1,0,0,0,0,0,0
Anthony Santander,1,5,2,1,1,0,0,3,0,0,0,0,0,0
Jonathan Schoop,1,4,1,0,0,0,0,2,0,0,0,0,0,0
Corey Seager,2,4,0,0,0,0,1,1,0,0,0,0,0,0
Kyle Seager,3,4,1,0,3,0,0,0,0,0,0,0,1,0
Jean Segura,0,3,0,0,0,0,1,1,0,0,0,0,0,0
Marcus Semien,2,3,1,1,1,0,1,0,0,0,0,0,0,0
Nick Senzel,2,3,2,0,2,0,1,1,0,0,0,0,1,1
Pedro Severino,0,4,0,0,0,0,0,1,0,0,0,0,0,0
Travis Shaw,0,4,0,0,0,0,0,2,0,0,0,0,0,0
Andrelton Simmons,1,2,0,0,0,0,0,0,1,0,0,0,0,0
Chance Sisco,1,1,0,0,1,0,0,0,0,0,0,0,0,0
Austin Slater,0,3,0,0,0,1,2,1,0,0,0,0,0,0
Dominic Smith,1,5,0,0,0,0,0,2,0,0,0,0,1,0
Will Smith,0,5,0,0,0,0,0,3,0,0,0,0,0,0
Eric Sogard,0,4,0,0,0,0,0,1,0,0,0,0,0,0
Nick Solak,1,3,1,1,1,0,0,0,1,0,0,0,0,0
Donovan Solano,0,4,0,0,1,0,0,3,0,1,0,0,0,0
Jorge Soler,0,4,0,0,0,0,0,3,0,0,0,0,0,0
Juan Soto,0,1,3,0,0,0,3,0,0,0,0,0,0,0
Juan Soto,1,2,0,0,0,1,1,0,0,0,0,0,0,0
Jacob Stallings,0,1,0,0,0,0,0,1,0,0,0,0,0,0
Giancarlo Stanton,2,5,0,0,0,0,0,1,0,0,0,0,0,0
Tyler Stephenson,1,4,1,1,1,0,0,0,0,0,0,0,0,0
Andrew Stevenson,0,3,0,0,1,0,0,1,0,1,0,0,0,0
Andrew Stevenson,0,3,0,0,0,0,0,2,0,0,0,0,0,0
Trevor Story,0,5,0,0,0,0,0,2,0,0,0,0,0,0
Dansby Swanson,0,4,0,0,0,0,0,3,0,0,0,0,0,0
Dansby Swanson,1,3,1,0,0,0,0,1,0,0,0,0,0,0
Raimel Tapia,0,1,0,0,0,0,0,0,0,0,0,0,0,0
Mike Tauchman,0,0,1,0,0,0,0,0,0,0,0,0,0,0
Leody Taveras,1,3,0,0,1,0,0,1,0,0,0,0,0,0
Chris Taylor,2,4,2,0,0,0,1,1,1,0,0,0,1,0
Michael A.,1,4,0,0,0,0,0,1,0,0,0,0,0,0
Rowdy Tellez,0,1,0,0,0,0,0,1,0,0,0,0,0,0
Ka'ai Tom,0,0,0,0,0,0,0,0,0,0,0,0,0,0
Gleyber Torres,1,4,0,0,0,0,1,1,0,0,0,1,0,0
Ronald Torreyes,0,1,0,0,0,0,0,1,0,0,0,0,0,0
Taylor Trammell,1,4,1,0,1,0,0,2,0,0,0,0,0,0
Jose Trevino,2,4,1,0,0,0,0,0,0,0,0,0,0,0
Yoshi Tsutsugo,1,4,0,0,1,0,0,1,0,0,0,0,0,0
Justin Turner,1,4,0,0,1,0,1,1,0,0,0,0,1,0
Trea Turner,2,4,1,1,2,0,0,1,0,0,0,0,1,0
Trea Turner,0,3,0,0,0,0,0,0,0,0,0,0,0,0
Luis Urías,0,4,0,0,0,0,0,3,0,0,0,0,0,0
Ramón Urías,0,3,0,0,0,0,0,3,0,0,0,0,0,0
Gio Urshela,2,5,0,0,1,0,0,1,0,0,0,0,1,0
Pat Valaika,0,0,0,0,0,0,0,0,0,0,0,0,0,0
Josh VanMeter,1,1,0,0,0,0,0,0,0,0,0,0,0,0
Andrew Vaughn,1,2,0,0,0,0,0,1,0,0,0,0,0,0
Christian Vázquez,2,4,2,1,3,0,0,1,0,0,0,0,0,0
Jonathan Villar,3,5,1,0,0,0,0,1,0,0,0,0,1,1
Daniel Vogelbach,1,1,1,0,0,0,0,0,0,0,0,0,0,0
Stephen Vogt,0,0,0,0,0,0,0,0,0,0,0,0,0,0
Joey Votto,1,3,2,0,0,0,1,1,0,0,0,0,0,0
Tyler Wade,0,0,1,0,0,0,0,0,0,0,0,0,0,0
Christian Walker,1,4,0,0,0,0,0,0,0,0,0,0,1,0
Chad Wallach,0,3,0,0,0,0,0,3,0,0,0,0,0,0
Joey Wendle,0,2,0,0,0,0,0,1,0,0,0,0,0,0
Eli White,1,3,0,0,0,0,0,0,0,0,0,0,0,0
Evan White,0,2,0,0,1,0,0,0,0,0,0,0,0,0
Justin Williams,1,2,0,0,0,0,0,0,0,0,0,0,0,0
Cody Wilson,0,1,0,0,0,0,0,0,0,0,0,0,0,0
Tony Wolters,0,2,0,0,0,0,1,0,0,0,0,0,0,0
Kolten Wong,0,1,0,0,0,0,0,0,0,0,0,0,0,0
Mike Yastrzemski,1,5,0,0,0,0,0,2,0,0,0,0,0,0
Christian Yelich,3,4,0,0,0,1,1,1,0,0,0,0,1,0
Ryan Zimmerman,2,4,1,0,0,0,0,2,0,0,0,0,1,0
Ryan Zimmerman,0,1,0,0,0,0,0,1,0,0,0,0,0,0
