José Abreu,1,4,1,0,0,0,0,0,0,0,0,0,1,0
Jesús Aguilar,1,4,0,0,1,0,0,1,0,0,0,0,0,0
Hanser Alberto,0,0,0,0,0,0,0,0,0,0,0,0,0,0
Pete Alonso,0,2,0,0,0,0,2,1,0,0,0,0,0,0
Jose Altuve,1,4,1,1,1,0,0,0,0,0,0,0,0,0
Yordan Alvarez,2,4,2,1,1,0,0,2,0,0,0,0,1,0
Brian Anderson,1,4,0,0,0,0,0,2,0,0,0,0,0,0
Elvis Andrus,1,4,0,0,0,0,0,0,0,0,0,0,1,0
Nolan Arenado,1,4,1,1,2,0,0,1,0,0,0,0,0,0
Luis Arraez,1,3,1,1,3,0,0,0,0,1,0,0,0,0
Christian Arroyo,0,4,0,0,1,0,0,1,0,0,0,0,0,0
Willians Astudillo,1,1,0,0,0,0,0,0,0,0,0,0,0,0
Javier Báez,2,3,1,1,2,1,1,1,0,0,0,0,0,0
Andrew Benintendi,1,4,0,0,0,0,0,2,0,0,0,0,0,0
Jon Berti,1,2,1,0,0,0,0,0,0,0,0,0,0,0
Bo Bichette,1,5,1,0,0,1,0,2,0,0,0,0,0,0
Cavan Biggio,1,4,2,1,1,0,1,1,0,0,0,0,0,0
Charlie Blackmon,2,4,0,0,2,0,0,0,0,0,0,0,1,0
David Bote,0,4,0,0,0,0,0,0,0,0,0,0,0,0
Jackie Bradley Jr,0,3,0,0,0,0,0,2,1,0,0,0,0,0
Michael Brantley,1,4,0,0,0,0,0,1,0,0,0,0,0,0
Alex Bregman,0,4,0,0,0,0,0,0,0,0,0,0,0,0
Seth Brown,0,2,0,0,0,0,0,0,0,0,0,0,0,0
Kris Bryant,2,4,1,1,1,0,0,0,0,0,0,0,1,0
Byron Buxton,3,5,2,1,1,0,0,1,0,0,0,0,1,0
Asdrúbal Cabrera,0,0,0,0,0,0,1,0,0,0,0,0,0,0
Lorenzo Cain,0,4,0,0,0,0,0,1,0,0,0,0,0,0
Mark Canha,1,3,0,0,0,0,2,2,0,0,0,0,0,0
Dylan Carlson,1,3,0,0,0,0,0,1,0,0,0,1,1,0
Matt Carpenter,0,2,0,0,0,0,0,1,1,0,0,0,0,0
Jason Castro,0,3,0,0,0,0,0,2,0,0,0,0,0,0
Jake Cave,0,1,0,0,0,0,0,0,0,0,0,0,0,0
Matt Chapman,0,4,0,0,0,0,0,2,0,0,0,0,0,0
Jazz Chisholm_Jr.,0,1,0,0,0,0,1,1,0,0,0,0,0,0
Michael Conforto,0,2,0,0,1,0,1,1,2,0,0,0,0,0
Willson Contreras,1,4,0,0,0,0,0,3,0,0,0,0,0,0
Garrett Cooper,0,1,0,0,0,0,0,0,0,0,0,0,0,0
Franchy Cordero,1,4,0,0,1,0,0,2,0,0,0,0,0,0
Carlos Correa,2,3,2,1,2,0,1,0,0,0,0,0,1,0
J.P. Crawford,0,4,0,0,0,0,0,1,0,0,0,0,0,0
Nelson Cruz,1,4,1,0,0,0,1,2,0,0,0,0,0,0
Bobby Dalbec,0,4,0,0,0,0,0,2,0,0,0,0,0,0
Jonathan Davis,0,0,0,0,0,0,0,0,0,0,0,0,0,0
Austin Dean,0,0,1,0,0,0,1,0,0,0,0,0,0,0
Paul DeJong,0,4,0,0,0,0,0,1,0,0,0,0,0,0
Rafael Devers,2,3,2,1,2,0,1,1,1,0,0,0,0,0
Corey Dickerson,2,4,1,0,1,0,0,1,0,0,0,0,1,0
Wilmer Difo,0,1,0,0,0,0,0,1,0,0,0,0,0,0
Hunter Dozier,0,3,0,0,0,0,0,1,0,0,0,0,0,0
Adam Duvall,0,3,0,0,0,0,1,1,0,0,0,0,0,0
Adam Eaton,2,5,0,0,2,0,0,1,0,0,0,0,0,0
Tommy Edman,1,4,0,0,0,0,0,2,0,0,0,0,0,1
Eduardo Escobar,1,2,1,1,2,1,2,0,0,0,0,1,0,0
Phillip Evans,0,3,0,0,0,0,1,0,0,0,0,0,0,0
David Fletcher,2,6,0,0,3,0,0,0,0,0,0,0,1,0
Dexter Fowler,2,5,1,0,0,1,0,1,0,0,0,0,0,0
Dustin Fowler,0,2,0,0,1,0,1,1,0,1,0,0,0,0
Ty France,2,4,0,0,1,0,0,1,0,0,0,0,0,0
Maikel Franco,0,4,0,0,0,0,0,1,0,0,0,0,0,0
Adam Frazier,2,4,0,0,1,0,1,1,0,0,0,0,0,0
Josh Fuentes,1,4,1,0,0,0,0,1,0,0,0,0,0,0
Cam Gallagher,0,1,0,0,0,0,0,0,0,0,0,0,0,0
Freddy Galvis,0,4,0,0,0,0,0,3,0,0,0,0,0,0
Aramis Garcia,1,1,1,0,0,0,0,0,0,0,0,0,0,0
Kyle Garlick,2,5,1,0,1,0,0,3,0,0,0,0,1,0
Mitch Garver,2,4,2,1,3,0,0,0,0,0,0,0,1,0
Erik González,0,1,0,0,0,0,0,1,0,0,0,0,0,0
Marwin Gonzalez,1,3,0,0,1,1,2,1,0,0,0,1,0,0
Yasmani Grandal,0,2,1,0,0,0,2,2,0,0,0,0,0,0
Randal Grichuk,0,4,0,0,0,0,0,0,0,0,0,0,0,0
Vladim Guerrero_Jr.,2,4,1,1,3,0,1,2,0,0,0,0,0,0
Luis Guillorme,1,1,1,0,0,0,0,0,0,0,0,0,0,0
Yuli Gurriel,0,4,0,0,0,0,0,0,0,0,0,0,0,0
Lourdes Gurriel_Jr.,1,5,0,0,0,0,0,2,0,0,0,0,0,0
Sam Haggerty,0,4,0,0,0,0,0,1,0,0,0,0,0,0
Garrett Hampson,1,4,2,0,0,1,0,0,0,0,0,0,0,0
Mitch Haniger,1,3,0,0,0,0,1,1,0,0,0,0,0,0
Ian Happ,0,1,0,0,0,0,0,0,0,0,0,0,0,0
Kiké Hernández,1,5,1,1,1,0,0,0,0,0,0,0,0,0
Teoscar Hernández,1,5,1,0,1,0,0,4,0,0,0,0,0,0
Jason Heyward,1,4,0,0,0,0,0,1,0,0,0,0,0,0
Sam Hilliard,0,4,1,0,0,0,0,0,0,0,0,0,0,0
Keston Hiura,1,4,1,0,0,0,0,1,0,0,0,0,1,0
José Iglesias,1,4,2,0,1,0,1,1,0,0,0,0,1,0
Kyle Isbel,0,3,0,0,0,0,0,2,0,0,0,0,0,0
Danny Jansen,0,3,0,0,0,0,0,1,0,0,0,0,0,0
Tony Kemp,0,1,0,0,0,0,2,0,0,0,0,1,0,0
Max Kepler,1,3,0,0,1,0,0,0,1,0,0,0,0,0
Alejandro Kirk,0,0,0,0,0,0,0,0,0,0,0,0,0,0
Ramón Laureano,0,4,0,0,0,0,0,2,0,0,0,0,0,0
Francisco Lindor,1,3,1,0,0,0,2,0,0,0,0,0,0,0
Tim Locastro,1,5,0,0,0,0,0,1,0,0,0,0,0,0
Nicky Lopez,0,3,0,0,0,0,0,1,0,0,0,0,0,0
Jed Lowrie,1,1,0,0,1,0,0,0,0,0,0,0,0,0
Nick Madrigal,1,3,2,0,0,0,1,0,0,0,0,0,0,0
Trey Mancini,1,4,1,0,0,0,0,1,0,0,0,0,0,0
Jake Marisnick,2,4,0,0,0,0,0,0,0,0,1,0,0,0
José Marmolejos,1,4,1,1,1,0,0,0,0,0,0,0,0,0
Starling Marte,0,3,0,0,0,0,1,1,0,0,1,0,0,0
J.D. Martinez,2,5,1,0,1,0,0,2,0,0,0,0,1,0
Wyatt Mathisen,0,0,0,0,0,0,1,0,0,0,0,0,0,0
James McCann,0,3,0,0,0,0,1,2,0,0,0,0,0,0
Billy McKinney,0,1,0,0,0,0,0,1,0,0,0,0,0,0
Ryan McMahon,1,4,0,0,0,0,0,0,0,0,0,0,0,0
Jeff McNeil,1,3,1,1,1,0,1,0,0,0,0,0,0,0
Danny Mendick,3,3,0,0,0,0,1,0,0,0,0,0,0,0
Yermín Mercedes,2,4,1,1,1,0,0,0,0,0,0,0,0,0
Whit Merrifield,1,4,0,0,0,0,0,1,0,0,0,0,0,0
Yadier Molina,1,4,1,0,0,0,0,2,0,0,0,0,0,0
Yoán Moncada,1,4,1,1,2,0,0,0,0,0,0,0,0,0
Dylan Moore,0,4,0,0,0,0,0,2,0,0,0,0,0,0
Colin Moran,1,4,0,0,0,0,0,2,0,0,0,0,1,0
Mitch Moreland,1,3,0,0,0,0,0,0,0,0,0,0,0,0
Ryan Mountcastle,1,4,1,1,2,0,0,2,0,0,0,1,0,0
Cedric Mullins,1,4,0,0,0,0,0,1,0,0,0,0,0,0
Sean Murphy,0,4,0,0,0,0,0,2,0,0,0,0,0,0
Omar Narváez,1,3,0,0,0,0,1,1,0,0,0,0,0,0
Kevin Newman,1,5,0,0,0,0,0,0,0,0,0,0,0,0
Brandon Nimmo,3,5,0,0,0,0,0,0,0,0,0,0,2,0
John Nogowski,0,2,0,0,0,0,0,0,0,0,0,0,0,0
Dom Nuñez,1,4,1,1,3,0,0,1,0,0,0,0,0,0
Tyler O'Neill,1,3,0,0,1,0,0,2,0,0,0,0,0,0
Shohei Ohtani,1,5,0,0,1,0,1,2,0,0,0,0,0,0
Matt Olson,0,4,0,0,0,0,0,2,0,0,0,0,0,0
Joe Panik,1,4,0,0,0,0,0,0,0,0,0,0,1,0
Joc Pederson,1,4,0,0,0,0,0,0,0,0,0,0,0,0
David Peralta,1,4,1,0,0,0,0,0,0,0,0,0,0,1
Geraldo Perdomo,0,1,0,0,0,0,1,0,0,0,0,0,0,0
Salvador Perez,1,3,0,0,0,0,0,1,0,0,0,0,0,0
Kevin Pillar,0,1,0,0,0,0,0,0,0,0,0,0,0,0
Stephen Piscotty,1,2,1,0,1,0,0,0,0,0,0,0,1,0
Gregory Polanco,2,3,1,0,0,0,1,0,0,0,0,0,1,0
Jorge Polanco,1,4,1,0,0,0,1,2,0,0,0,1,1,0
Anthony Rendon,1,5,0,0,1,0,0,1,0,0,0,0,0,0
Bryan Reynolds,0,5,0,0,0,0,0,2,0,0,0,0,0,0
Anthony Rizzo,2,4,2,1,1,0,0,0,0,0,0,0,0,0
Luis Robert,0,3,0,0,1,0,1,1,0,1,0,0,0,0
Daniel Robertson,0,1,0,0,0,0,0,0,0,0,0,0,0,0
Josh Rojas,0,2,0,0,0,0,0,1,0,0,0,0,0,0
Miguel Rojas,0,4,0,0,0,0,0,0,0,0,0,0,0,0
Rio Ruiz,0,3,0,0,0,0,0,2,0,0,0,0,0,0
Miguel Sanó,1,4,1,0,1,0,1,2,0,0,0,0,0,0
Carlos Santana,0,4,0,0,0,0,0,1,0,0,0,0,0,0
Anthony Santander,0,4,0,0,0,0,0,2,0,0,0,0,0,0
Kyle Seager,0,3,0,0,0,0,1,1,0,0,0,0,0,0
Marcus Semien,0,5,0,0,0,0,0,2,0,0,0,0,0,0
Pedro Severino,2,4,1,1,1,0,0,2,0,0,0,0,0,0
Travis Shaw,3,4,0,0,0,0,0,1,0,0,0,0,0,0
Magneuris Sierra,0,1,0,0,0,0,0,0,0,0,0,0,0,0
Andrelton Simmons,3,5,1,0,0,0,0,1,0,0,0,0,2,0
Dominic Smith,1,3,0,0,1,0,0,0,0,1,0,0,0,0
Pavin Smith,2,4,1,0,1,0,0,0,0,0,0,0,1,0
Eric Sogard,0,1,0,0,0,0,0,0,0,0,0,0,0,0
Jorge Soler,1,4,0,0,0,0,0,1,0,0,0,0,0,0
Jacob Stallings,1,2,1,0,0,0,2,0,0,0,0,0,0,0
Trevor Story,2,4,1,0,2,0,0,0,0,0,0,0,1,1
Myles Straw,1,3,0,0,2,1,0,0,0,0,0,0,0,0
Kurt Suzuki,0,4,0,0,0,0,0,4,0,0,0,0,0,0
Raimel Tapia,1,4,1,0,0,0,0,0,0,0,0,0,0,0
Michael A.,1,3,0,0,0,0,0,1,0,0,0,0,0,0
Rowdy Tellez,0,0,0,0,0,0,1,0,0,0,0,0,0,0
Luis Torrens,3,4,1,0,0,0,0,1,0,0,0,0,1,0
Taylor Trammell,0,2,0,0,0,0,2,2,0,0,1,0,0,0
Mike Trout,3,5,2,1,1,0,0,1,0,0,0,0,1,0
Kyle Tucker,1,4,1,0,0,0,0,0,0,0,0,0,1,0
Justin Upton,1,5,2,0,0,0,0,1,0,0,0,0,1,0
Luis Urías,0,3,0,0,0,0,0,0,0,0,0,0,0,0
Pat Valaika,0,2,0,0,0,0,1,0,0,0,0,0,0,0
Josh VanMeter,0,4,0,0,0,0,0,1,0,0,0,0,0,0
Christian Vázquez,3,5,1,0,0,1,0,0,0,0,0,0,2,0
Alex Verdugo,2,5,2,0,0,0,0,1,0,0,0,0,2,0
Jonathan Villar,0,4,0,0,0,0,0,2,0,0,0,0,0,0
Daniel Vogelbach,0,1,0,0,0,0,0,0,0,0,0,0,0,0
Stephen Vogt,0,3,0,0,0,0,1,1,0,0,0,0,0,0
Christian Walker,0,4,0,0,0,0,0,1,0,0,0,0,0,0
Chad Wallach,0,3,0,0,0,0,0,0,0,0,0,0,0,0
Jared Walsh,0,4,0,0,0,0,1,0,0,0,0,0,0,0
Justin Williams,0,2,0,0,0,0,1,1,0,0,0,0,0,0
Nick Williams,0,3,0,0,0,0,0,1,1,0,0,0,0,0
Kolten Wong,0,3,0,0,0,0,1,1,0,0,0,0,0,0
Christian Yelich,0,3,0,0,0,0,1,1,0,0,0,0,0,0
