Ronald Acuña_Jr.,4,5,1,1,2,0,0,0,0,0,0,0,2,0
Willy Adames,2,4,1,1,2,0,0,1,0,0,0,0,1,0
Ehire Adrianza,1,1,1,1,3,0,0,0,0,0,0,0,0,0
Ozzie Albies,1,5,2,0,0,0,0,0,0,0,0,0,1,0
Jose Altuve,2,4,0,0,1,0,0,0,0,1,0,0,0,0
Yordan Alvarez,0,4,0,0,0,0,0,4,0,0,0,0,0,0
Elvis Andrus,1,4,1,0,0,0,0,0,0,0,0,0,0,0
Aristides Aquino,0,0,0,0,0,0,1,0,0,0,0,0,0,0
Randy Arozarena,1,5,1,0,1,1,0,3,0,0,0,0,0,0
Akil Baddoo,0,2,0,0,0,0,1,1,0,0,0,0,0,0
Tucker Barnhart,3,5,1,0,2,0,0,2,0,0,0,0,2,0
Jake Bauers,0,3,0,0,0,0,0,1,0,0,0,0,0,0
Brandon Belt,1,1,1,0,0,0,0,0,0,0,0,0,0,0
Bo Bichette,1,4,0,0,0,0,0,3,0,0,0,1,0,0
Cavan Biggio,0,2,0,0,0,0,2,1,0,0,0,0,0,0
Charlie Blackmon,0,3,0,0,0,0,0,1,0,0,0,0,0,0
Alex Blandino,1,1,1,0,0,0,0,0,0,0,0,0,0,0
Alec Bohm,0,4,0,0,0,0,0,2,0,0,0,2,0,0
Michael Brantley,0,5,0,0,0,0,0,1,0,0,0,0,0,0
Alex Bregman,0,4,0,0,0,0,0,0,0,0,0,0,0,0
Seth Brown,0,3,0,0,0,0,1,2,0,0,0,0,0,0
Jay Bruce,0,4,0,0,0,0,0,2,0,0,0,0,0,0
Asdrúbal Cabrera,0,4,1,0,0,0,1,0,0,0,0,0,0,0
Miguel Cabrera,0,4,0,0,0,0,0,0,0,0,0,0,0,0
Kole Calhoun,1,5,0,0,2,0,0,1,0,0,0,0,1,0
Jeimer Candelario,0,4,0,0,0,0,0,2,0,0,0,0,0,0
Mark Canha,2,4,2,1,2,0,1,0,0,0,0,0,0,0
Victor Caratini,1,3,0,0,0,0,0,1,0,0,0,0,0,0
Nick Castellanos,2,5,0,0,0,0,0,2,0,0,0,0,0,0
Starlin Castro,0,4,0,0,0,0,0,2,0,0,0,0,0,0
Willi Castro,2,4,0,0,0,0,0,1,0,0,0,1,0,0
Matt Chapman,0,3,0,0,0,0,1,0,0,0,0,0,0,0
Carlos Correa,2,4,0,0,0,0,0,1,0,0,0,1,0,0
Brandon Crawford,1,4,0,0,2,0,0,0,0,0,0,0,1,0
C.J. Cron,0,2,0,0,0,0,1,1,0,0,0,0,0,0
Jake Cronenworth,1,4,0,0,0,0,0,1,0,0,0,0,0,0
Travis d'Arnaud,1,3,0,0,1,0,1,0,0,0,0,0,0,0
David Dahl,0,1,0,0,0,0,0,0,0,0,0,0,0,0
Jonathan Davis,0,4,0,0,0,0,0,3,0,0,0,0,0,0
Yandy Díaz,2,3,1,0,1,0,1,0,0,0,0,0,1,0
Alex Dickerson,1,1,0,0,1,0,1,0,0,0,0,0,0,0
Mauricio Dubón,0,2,0,0,0,0,0,0,0,0,0,0,0,0
Eduardo Escobar,2,5,2,1,2,0,0,2,0,0,0,1,1,0
Kyle Farmer,0,2,0,0,0,0,0,0,0,0,0,0,0,0
David Fletcher,0,5,1,0,0,0,0,0,0,0,0,0,0,0
Wilmer Flores,0,2,0,0,0,0,2,2,0,0,0,0,0,0
Dexter Fowler,0,0,0,0,0,0,1,0,0,0,0,0,0,0
Clint Frazier,0,4,0,0,0,0,0,3,0,0,0,0,0,0
Freddie Freeman,1,4,1,1,2,0,1,0,0,0,0,0,0,0
Josh Fuentes,0,3,0,0,0,0,0,1,0,0,0,0,0,0
Joey Gallo,0,2,0,0,0,0,0,1,1,0,0,0,0,0
Ben Gamel,0,0,0,0,0,0,0,0,0,0,0,0,0,0
Aramis Garcia,0,3,0,0,0,0,0,1,0,0,0,0,0,0
Luis García,1,2,0,0,0,0,0,0,0,0,0,0,0,0
Andrés Giménez,0,3,0,0,0,0,0,1,0,0,0,0,0,0
Yan Gomes,0,0,0,0,0,0,0,0,0,0,0,0,0,0
Niko Goodrum,1,3,0,0,0,0,0,2,0,0,0,0,0,0
Didi Gregorius,1,4,0,0,0,0,0,0,0,0,0,0,0,0
Randal Grichuk,1,4,0,0,0,0,0,1,0,0,0,0,1,0
Trent Grisham,2,4,1,0,0,0,0,1,0,0,0,0,1,0
Vladim Guerrero_Jr.,1,2,0,0,0,0,2,0,0,0,0,0,0,0
Yuli Gurriel,1,2,1,0,0,0,2,0,0,0,0,0,1,0
Lourdes Gurriel_Jr.,0,1,0,0,0,0,0,1,0,0,0,0,0,0
Ronald Guzmán,0,3,0,0,0,0,0,1,0,0,0,0,0,0
Garrett Hampson,0,3,0,0,1,0,0,2,0,1,0,0,0,0
Bryce Harper,0,2,0,0,0,0,2,1,0,0,0,0,0,0
Adam Haseley,0,3,0,0,0,0,0,1,0,0,0,0,0,0
César Hernández,0,4,0,0,0,0,0,2,0,0,0,0,0,0
Yadiel Hernandez,1,1,0,0,0,0,0,0,0,0,0,0,1,0
Aaron Hicks,1,4,1,1,2,0,0,1,0,0,0,0,0,0
Sam Hilliard,0,1,0,0,0,0,0,1,0,0,0,0,0,0
Rhys Hoskins,0,4,0,0,0,0,0,3,0,0,0,0,0,0
Eric Hosmer,0,3,1,0,0,0,1,1,0,0,0,0,0,0
José Iglesias,0,4,0,0,0,0,0,0,0,0,0,0,0,0
Ender Inciarte,0,1,0,0,0,0,0,0,0,0,0,0,0,0
Jonathan India,0,4,0,0,0,0,0,1,0,0,0,0,0,0
JaCoby Jones,0,3,0,0,0,0,0,1,0,0,0,0,0,0
Carson Kelly,1,2,0,0,1,0,2,1,0,1,0,0,0,0
Ha-Seong Kim,0,3,0,0,0,0,1,1,0,0,1,0,0,0
Isiah Kiner-Falefa,0,4,0,0,0,0,0,1,0,0,0,0,0,0
Alejandro Kirk,0,4,0,0,0,0,0,0,0,0,0,0,0,0
Ramón Laureano,0,4,0,0,0,0,0,3,1,0,1,0,0,0
DJ LeMahieu,2,4,2,1,1,0,0,1,0,0,0,1,1,0
Tim Locastro,1,5,1,0,0,0,0,3,0,0,0,0,0,0
Brandon Lowe,1,5,1,0,3,0,0,3,0,0,0,0,1,0
Nate Lowe,0,3,0,0,0,0,0,1,0,0,0,0,0,0
Jed Lowrie,2,5,2,1,1,0,0,2,0,0,0,0,0,0
Jonathan Lucroy,2,3,0,0,0,0,0,1,0,0,0,0,0,0
Gavin Lux,0,3,0,0,0,0,0,0,0,0,0,0,0,0
Manny Machado,1,4,0,0,1,0,0,2,0,0,0,0,1,0
Martín Maldonado,1,4,0,0,0,0,0,0,0,0,0,0,0,0
Wyatt Mathisen,0,1,0,0,0,0,0,0,0,0,0,0,0,0
Nomar Mazara,0,4,0,0,0,0,0,1,0,0,0,0,0,0
Andrew McCutchen,1,4,0,0,1,0,0,0,0,0,0,0,0,0
Zach McKinstry,0,2,0,0,0,0,1,1,0,0,0,0,0,0
Ryan McMahon,0,4,0,0,0,0,0,0,0,0,0,0,0,0
Austin Meadows,3,4,2,0,0,0,1,0,0,0,0,0,1,0
Mike Moustakas,0,4,0,0,0,0,0,0,1,0,0,0,0,0
Max Muncy,0,3,0,0,0,0,0,0,0,0,0,0,0,0
Wil Myers,2,4,1,0,1,0,0,1,0,0,0,0,1,0
Tyler Naquin,1,3,2,1,1,1,1,0,0,0,0,0,0,0
Josh Naylor,0,3,0,0,0,0,0,2,0,0,0,0,0,0
Dom Nuñez,1,3,0,0,0,0,0,1,0,0,0,0,0,0
Shohei Ohtani,2,5,1,1,4,0,0,1,0,0,0,0,1,0
Matt Olson,2,4,1,1,3,0,0,0,0,0,0,0,0,0
Chris Owings,1,1,1,0,0,0,0,0,0,0,0,0,0,1
Marcell Ozuna,1,4,0,0,0,0,1,2,0,0,0,0,0,0
Cristian Pache,0,4,1,0,0,0,0,2,0,0,0,0,0,0
Josh Palacios,0,3,0,0,0,0,0,2,1,0,0,0,0,0
Joe Panik,0,3,0,0,0,0,0,0,0,0,0,1,0,0
David Peralta,0,1,0,0,0,0,2,0,0,0,0,0,0,0
Hernán Pérez,0,2,0,0,0,0,0,2,0,0,0,0,0,0
Roberto Pérez,1,3,0,0,0,0,0,2,0,0,0,0,0,0
Tommy Pham,0,4,0,0,0,0,0,0,0,0,0,0,0,0
Brett Phillips,0,3,0,0,1,0,0,0,0,1,0,0,0,0
Stephen Piscotty,0,3,0,0,0,0,1,1,0,0,0,0,0,0
AJ Pollock,1,3,0,0,0,0,0,0,0,0,0,0,1,0
Buster Posey,2,3,1,0,0,0,1,1,0,0,0,0,0,0
Jurickson Profar,1,4,0,0,0,0,0,1,0,0,0,0,0,0
Roman Quinn,1,1,0,0,0,0,0,0,0,0,0,0,0,0
Luke Raley,0,1,0,0,0,0,0,0,0,0,0,0,0,0
José Ramírez,2,4,0,0,0,0,0,0,0,0,0,0,0,0
Wilson Ramos,1,3,1,1,1,0,0,1,0,0,0,0,0,0
J.T. Realmuto,2,4,0,0,0,0,0,2,0,0,0,0,0,0
Anthony Rendon,2,4,0,0,0,0,1,1,0,0,0,0,0,0
Franmil Reyes,3,4,2,2,3,0,0,0,0,0,0,0,0,0
Austin Riley,1,3,1,0,0,0,1,0,0,0,0,0,0,0
Victor Robles,1,4,0,0,0,0,0,0,0,0,1,0,0,0
José Rojas,0,3,1,0,0,0,0,1,0,0,0,0,0,0
Josh Rojas,0,4,0,0,0,0,1,1,0,0,0,0,0,0
Amed Rosario,1,4,1,0,0,0,0,1,0,0,0,0,0,0
Eddie Rosario,0,4,1,0,1,0,0,1,0,0,0,0,0,0
Darin Ruf,0,2,1,0,0,0,1,0,0,0,0,0,0,0
Gary Sánchez,1,3,0,0,0,0,1,1,0,0,0,0,0,0
Jonathan Schoop,0,3,0,0,0,0,0,1,0,0,0,0,0,0
Corey Seager,0,4,0,0,0,0,0,2,0,0,0,0,0,0
Jean Segura,1,4,1,0,0,0,0,0,0,0,0,0,0,0
Marcus Semien,2,5,1,0,0,0,0,1,0,0,0,0,0,0
Nick Senzel,0,2,0,0,0,0,0,1,0,0,0,0,0,0
Austin Slater,0,3,0,0,0,0,1,1,0,0,0,0,0,0
Pavin Smith,1,3,1,0,0,0,0,0,0,0,0,0,0,0
Will Smith,0,3,0,0,0,0,0,0,0,0,0,0,0,0
Nick Solak,0,3,0,0,0,0,0,1,0,0,0,0,0,0
Donovan Solano,0,4,0,0,0,0,0,1,0,0,0,0,0,0
Juan Soto,2,3,0,0,0,0,1,1,0,0,1,0,0,0
Giancarlo Stanton,1,4,1,0,2,0,0,0,0,0,0,0,0,0
Max Stassi,1,3,1,0,0,0,1,1,0,0,0,0,0,0
Tyler Stephenson,0,1,0,0,0,0,0,1,0,0,0,0,0,0
Andrew Stevenson,0,4,0,0,0,0,0,1,0,0,0,0,0,0
Trevor Story,1,4,0,0,0,0,0,0,0,0,0,0,0,0
Myles Straw,2,4,0,0,0,0,0,0,0,0,0,0,0,0
Eugenio Suárez,1,4,1,0,1,0,0,1,0,1,0,0,1,0
Dansby Swanson,0,3,0,0,0,0,1,2,0,0,0,0,0,0
Raimel Tapia,1,3,0,0,0,0,0,0,0,0,0,0,0,0
Mike Tauchman,0,3,0,0,0,0,0,1,0,0,0,0,0,0
Leody Taveras,0,3,0,0,0,0,0,0,0,0,0,1,0,0
Chris Taylor,0,3,0,0,0,0,1,2,0,0,0,0,0,0
Anderson Tejeda,0,3,0,0,0,0,0,3,0,0,0,0,0,0
Gleyber Torres,1,4,0,0,0,0,0,0,0,0,0,0,0,0
Jose Trevino,0,3,0,0,0,0,0,1,0,0,0,0,0,0
Mike Trout,2,4,1,0,0,0,1,0,0,0,0,0,1,0
Yoshi Tsutsugo,2,4,2,0,0,0,1,2,0,0,0,0,1,0
Kyle Tucker,0,3,1,0,1,0,1,0,0,0,0,0,0,0
Justin Turner,3,3,1,1,1,0,0,0,0,0,0,0,0,0
Trea Turner,0,4,0,0,0,0,0,1,0,0,0,0,0,0
Justin Upton,0,5,0,0,0,0,0,3,0,0,0,0,0,0
Josh VanMeter,0,1,0,0,0,0,0,0,0,0,0,0,0,0
Joey Votto,0,5,0,0,1,0,0,0,0,0,0,0,0,0
Tyler Wade,1,3,1,0,0,0,0,1,0,0,0,0,0,0
Christian Walker,0,2,0,0,0,0,3,2,0,0,0,0,0,0
Jared Walsh,2,3,2,1,2,0,1,0,1,0,0,0,0,0
Joey Wendle,2,4,1,0,2,0,0,1,0,0,0,0,1,0
Eli White,0,2,0,0,0,0,0,1,0,0,0,0,0,0
Jesse Winker,3,3,1,0,1,0,0,0,0,0,0,0,1,0
Mike Yastrzemski,0,3,0,0,0,0,1,1,0,0,0,0,0,0
Ryan Zimmerman,1,4,0,0,0,0,0,0,0,0,0,0,0,0
Mike Zunino,0,3,1,0,0,0,0,1,1,0,0,0,0,0
