Ronald Acuña_Jr.,2,4,1,0,0,0,0,0,0,0,0,0,1,0
Willy Adames,1,3,1,0,0,0,1,1,0,0,0,0,0,0
Ehire Adrianza,1,1,1,0,0,0,0,0,0,0,0,0,1,0
Jesús Aguilar,1,4,0,0,1,0,0,2,0,0,0,0,0,0
Nick Ahmed,0,3,0,0,0,0,1,0,0,0,0,0,0,0
Ozzie Albies,1,4,1,0,1,0,0,0,0,0,0,0,1,0
Anthony Alford,0,4,0,0,0,0,0,4,0,0,0,0,0,0
Pete Alonso,0,4,0,0,0,0,0,3,0,0,0,0,0,0
Jose Altuve,2,4,1,0,1,0,0,0,0,0,0,0,2,0
Yordan Alvarez,1,4,0,0,0,0,0,2,0,0,0,0,0,0
Brian Anderson,0,4,1,0,0,0,0,1,0,0,0,0,0,0
Elvis Andrus,1,3,0,0,0,0,1,0,0,0,0,0,0,0
Aristides Aquino,0,1,0,0,0,0,0,1,0,0,0,0,0,0
Nolan Arenado,1,4,0,0,0,0,1,0,0,0,0,0,1,0
Randy Arozarena,3,5,1,1,1,0,0,1,0,0,0,0,0,0
Luis Arraez,0,4,0,0,0,0,0,1,0,0,0,0,0,0
Christian Arroyo,1,3,0,0,0,0,0,0,0,0,0,0,1,0
Willians Astudillo,0,1,0,0,0,0,0,0,0,0,0,0,0,0
Akil Baddoo,0,3,0,0,0,0,0,1,0,0,0,0,0,0
Javier Báez,2,4,0,0,0,0,0,1,0,0,0,0,0,0
Tucker Barnhart,1,4,0,0,0,0,0,2,0,0,0,0,1,0
Matt Beaty,0,1,0,0,0,0,0,1,0,0,0,0,0,0
Brandon Belt,0,2,0,0,0,0,0,0,0,0,0,0,0,0
Bo Bichette,2,4,3,0,5,0,1,0,0,0,0,0,2,0
Braden Bishop,1,1,0,0,0,0,0,0,0,0,0,0,0,0
Charlie Blackmon,1,3,1,0,0,0,1,0,0,0,0,0,1,0
Xander Bogaerts,0,3,1,0,0,0,2,0,0,0,0,0,0,0
Alec Bohm,1,4,0,0,0,0,0,1,0,0,0,0,0,0
David Bote,1,3,0,0,0,0,0,1,1,0,0,0,0,0
Jackie Bradley Jr,1,5,1,0,0,0,0,0,0,0,0,0,0,0
Michael Brantley,1,4,0,0,1,0,0,1,0,0,0,0,0,1
Seth Brown,1,4,1,1,1,0,0,1,0,0,0,0,0,0
Jay Bruce,0,3,0,0,0,0,0,2,0,0,0,0,0,0
Kris Bryant,1,3,0,0,1,0,1,1,0,0,0,0,1,0
Byron Buxton,2,4,0,0,0,0,0,0,1,0,0,0,0,0
Asdrúbal Cabrera,1,2,2,1,2,0,2,0,0,0,0,0,0,0
Miguel Cabrera,0,3,0,0,0,0,0,0,0,0,0,0,0,0
Kole Calhoun,0,5,0,0,0,0,0,2,0,0,0,0,0,0
Luis Campusano,1,4,0,0,0,0,0,0,0,0,0,0,0,0
Jeimer Candelario,1,4,1,1,2,0,0,1,0,0,0,0,0,0
Mark Canha,2,5,2,0,0,0,0,1,0,0,0,0,0,0
Victor Caratini,0,0,0,0,0,0,0,0,0,0,0,0,0,0
Dylan Carlson,1,4,1,0,0,0,1,1,0,0,0,0,0,0
Matt Carpenter,0,1,0,0,0,0,0,1,0,0,0,0,0,0
Nick Castellanos,0,5,0,0,0,0,0,0,0,0,0,0,0,0
Harold Castro,0,2,0,0,0,0,0,1,0,0,0,0,0,0
Starlin Castro,1,5,0,0,1,0,0,1,0,0,0,0,0,0
Willi Castro,0,4,0,0,0,0,0,0,0,0,0,0,0,0
Jake Cave,0,1,1,0,0,0,0,0,0,0,0,0,0,0
Yu Chang,1,3,2,0,0,0,1,1,0,0,0,0,1,0
Matt Chapman,0,4,0,0,0,0,0,3,0,0,0,0,0,0
Michael Chavis,0,0,1,0,0,0,0,0,0,0,0,0,0,0
Jazz Chisholm_Jr.,1,3,1,1,1,0,1,1,0,0,0,0,0,0
Michael Conforto,0,4,0,0,0,0,0,3,0,0,0,0,0,0
Willson Contreras,1,4,1,0,0,1,0,2,0,0,0,0,0,0
Garrett Cooper,0,4,0,0,0,0,0,3,0,0,0,0,0,0
Franchy Cordero,1,1,0,0,0,0,0,0,0,0,0,0,0,0
Carlos Correa,1,4,0,0,0,0,0,1,0,0,0,0,0,0
Brandon Crawford,1,3,1,1,3,0,1,1,0,0,0,0,0,0
J.P. Crawford,1,4,1,0,0,1,0,0,0,0,0,1,0,0
C.J. Cron,0,4,0,0,0,0,0,3,0,0,0,0,0,0
Jake Cronenworth,3,4,1,0,0,0,1,0,0,0,0,0,0,0
Nelson Cruz,2,3,1,1,2,0,1,0,0,0,0,0,0,0
Travis d'Arnaud,2,4,0,0,0,0,0,1,0,0,0,0,0,0
David Dahl,0,3,0,0,0,0,0,0,0,0,0,0,0,0
Bobby Dalbec,0,3,0,0,1,0,1,2,0,0,0,0,0,0
Jonathan Davis,0,3,1,0,0,0,2,0,0,0,0,0,0,0
Austin Dean,2,3,2,1,3,0,0,0,0,0,0,0,0,0
Paul DeJong,0,4,0,0,0,0,0,3,0,0,0,0,0,0
Rafael Devers,2,5,1,1,2,0,0,1,0,0,1,0,0,0
Aledmys Díaz,1,3,0,0,0,0,0,0,1,0,0,0,0,0
Elias Díaz,0,4,0,0,0,0,0,3,0,0,0,0,0,0
Yandy Díaz,0,3,0,0,0,0,1,1,0,0,0,0,0,0
Alex Dickerson,1,3,1,0,1,0,1,0,0,0,0,0,0,0
Corey Dickerson,0,4,0,0,0,0,0,1,0,0,0,0,0,0
Wilmer Difo,0,1,0,0,0,0,0,0,0,0,0,0,0,0
Mauricio Dubón,0,2,0,0,0,0,1,0,0,0,0,0,0,0
Matt Duffy,0,1,0,0,0,0,0,0,0,0,0,0,0,0
Adam Duvall,1,1,0,0,0,0,0,0,0,0,0,0,1,0
Tommy Edman,2,5,0,0,0,0,0,0,0,0,0,0,0,0
Eduardo Escobar,2,4,2,1,2,0,0,0,0,0,0,0,0,0
Santiago Espinal,3,5,2,0,1,0,0,1,0,0,0,0,1,0
Phillip Evans,2,4,2,1,1,0,1,0,0,0,0,0,0,0
Kyle Farmer,0,1,0,0,0,0,0,0,0,0,0,0,0,0
David Fletcher,1,3,0,0,0,0,1,0,0,0,0,0,0,0
Wilmer Flores,0,1,1,0,0,0,1,0,0,0,0,0,0,0
Dustin Fowler,0,1,0,0,0,0,0,1,0,0,0,0,0,0
Ty France,0,5,0,0,0,0,0,2,0,0,0,0,0,0
Maikel Franco,1,3,0,0,1,0,2,0,0,0,0,0,0,0
Adam Frazier,2,4,1,0,1,0,0,1,1,0,0,0,1,0
Freddie Freeman,1,4,1,1,3,0,0,1,0,0,0,0,0,0
Josh Fuentes,1,4,0,0,0,0,0,0,0,0,0,0,0,0
Joey Gallo,1,4,0,0,0,0,0,3,0,0,0,0,0,0
Freddy Galvis,1,5,0,0,1,0,0,3,0,0,0,0,0,0
Ben Gamel,0,1,0,0,0,0,0,0,0,0,0,0,0,0
Avisaíl García,2,4,2,1,5,0,1,1,0,0,0,0,1,0
Luis García,0,1,0,0,0,0,0,1,0,0,0,0,0,0
Brett Gardner,1,4,0,0,0,0,0,0,0,0,0,0,1,0
Kyle Garlick,1,4,1,0,0,0,0,2,0,0,0,0,0,0
Mitch Garver,0,4,0,0,0,0,0,2,0,0,0,0,0,0
Andrés Giménez,1,3,2,1,2,0,1,1,0,0,0,1,0,0
Paul Goldschmidt,1,4,0,0,0,0,1,1,0,0,0,0,0,0
Yan Gomes,2,4,0,0,1,0,0,1,0,0,0,0,0,0
Erik González,1,3,1,0,0,0,1,0,0,0,0,0,1,0
Marwin Gonzalez,2,5,1,0,0,0,0,0,0,0,0,0,0,0
Niko Goodrum,0,3,0,0,0,0,0,0,0,0,0,0,0,0
Didi Gregorius,1,4,0,0,2,0,0,2,0,0,0,1,0,0
Grayson Greiner,0,3,0,0,0,0,0,2,0,0,0,0,0,0
Randal Grichuk,2,4,1,0,3,0,1,0,0,0,0,0,1,0
Trent Grisham,2,4,1,1,2,0,1,0,0,0,0,0,0,0
Robbie Grossman,3,4,2,1,1,0,0,1,0,0,0,0,0,0
Vladim Guerrero_Jr.,2,4,1,0,3,1,2,0,0,0,0,0,0,0
Yuli Gurriel,1,3,0,0,0,0,1,0,0,0,0,0,0,0
Ronald Guzmán,0,3,0,0,0,0,1,1,0,0,0,0,0,0
Sam Haggerty,1,3,0,0,0,0,0,0,0,0,0,0,0,0
Garrett Hampson,0,3,0,0,0,0,1,2,0,0,1,0,0,0
Mitch Haniger,1,4,1,1,2,0,0,1,0,1,0,0,0,0
Ian Happ,1,4,1,0,0,0,1,2,0,0,0,0,0,0
Bryce Harper,2,4,2,1,1,0,0,0,0,0,0,0,0,0
Adam Haseley,0,2,0,0,0,0,0,0,0,0,0,0,0,0
Jonah Heim,1,4,1,0,0,0,0,0,0,0,0,0,1,0
César Hernández,3,5,1,1,1,0,0,1,0,0,0,1,1,0
Kiké Hernández,2,5,0,0,0,0,0,1,0,0,0,0,1,0
Yadiel Hernandez,0,0,0,0,0,0,0,0,1,0,0,0,0,0
Jason Heyward,1,4,0,0,0,0,0,2,0,0,0,0,1,0
Aaron Hicks,1,3,0,0,0,0,1,1,0,0,0,0,0,0
Sam Hilliard,0,1,0,0,0,0,0,0,0,0,0,0,0,0
Keston Hiura,2,5,1,1,3,0,0,1,0,0,0,1,0,0
Rhys Hoskins,0,4,0,0,0,0,0,1,0,0,0,0,0,0
Eric Hosmer,2,5,1,1,1,0,0,0,0,0,0,1,0,0
José Iglesias,0,4,0,0,0,0,0,2,0,0,0,3,0,0
Ender Inciarte,0,0,0,0,0,0,0,0,0,0,0,0,0,0
Jonathan India,1,4,0,0,1,0,0,1,0,0,0,0,0,0
Danny Jansen,0,5,1,0,0,0,0,0,0,0,0,0,0,0
JaCoby Jones,0,1,0,0,0,0,0,0,0,0,0,0,0,0
Aaron Judge,1,4,0,0,0,0,0,2,0,0,0,0,0,0
Max Kepler,0,3,0,0,0,1,1,1,0,0,0,0,0,0
Ha-Seong Kim,1,2,2,1,1,0,1,0,1,0,0,1,0,0
Isiah Kiner-Falefa,2,4,1,1,3,0,0,0,0,0,0,0,1,0
Andrew Knapp,0,3,0,0,0,0,1,3,0,0,0,0,0,0
Andrew Knizner,1,1,0,0,0,0,0,0,0,0,0,0,0,0
Tommy La Stella,2,3,1,0,0,0,1,0,0,0,0,0,1,0
Juan Lagares,0,3,0,0,0,0,0,0,0,0,0,0,0,0
Ramón Laureano,3,4,2,1,2,1,1,0,0,0,0,0,0,0
DJ LeMahieu,1,3,0,0,0,0,1,2,0,0,0,0,1,0
Francisco Lindor,0,3,0,0,0,0,0,1,0,0,1,0,0,0
Tim Locastro,4,5,2,0,0,1,0,1,0,0,0,0,0,0
Evan Longoria,1,4,0,0,0,0,0,0,0,0,0,0,0,0
Brandon Lowe,0,4,0,0,0,0,0,2,0,0,0,0,0,0
Nate Lowe,0,4,0,0,0,0,0,2,0,0,0,1,0,0
Jed Lowrie,2,5,1,0,2,0,0,0,0,0,0,0,0,0
Jonathan Lucroy,1,1,0,0,0,0,0,0,0,0,0,0,0,0
Jordan Luplow,2,5,1,1,5,0,0,0,0,0,0,0,1,0
Gavin Lux,0,4,1,0,0,0,0,2,0,0,0,0,0,0
Manny Machado,1,4,0,0,1,0,1,2,0,0,0,0,1,0
Martín Maldonado,1,4,0,0,0,0,0,2,0,0,0,0,0,0
Trey Mancini,1,5,1,1,1,0,0,2,0,0,0,0,0,0
José Marmolejos,0,4,0,0,0,0,0,2,0,0,0,0,0,0
Starling Marte,2,4,1,0,0,1,0,2,0,0,0,0,1,0
Jorge Mateo,0,0,0,0,0,0,0,0,0,0,0,0,0,0
Nomar Mazara,1,2,0,0,0,0,0,1,0,0,0,0,0,0
James McCann,0,3,0,0,0,0,0,0,0,0,0,0,0,0
Andrew McCutchen,1,3,2,1,1,0,1,1,0,0,0,0,0,0
Ryan McKenna,0,1,1,0,0,0,0,1,0,0,0,0,0,0
Billy McKinney,1,1,0,0,0,0,0,0,0,0,0,0,0,1
Zach McKinstry,1,3,1,0,2,0,1,1,0,0,0,0,0,0
Ryan McMahon,2,4,1,1,2,0,0,2,0,0,0,0,0,0
Jeff McNeil,0,2,0,0,0,0,1,0,0,0,0,0,0,0
Austin Meadows,1,4,1,1,1,0,1,1,0,0,0,0,0,0
Francisco Mejía,1,4,0,0,2,0,0,0,0,0,0,0,0,0
Jordy Mercer,3,4,0,0,0,0,0,0,0,0,0,0,0,0
Yadier Molina,3,4,2,0,0,0,1,1,0,0,0,0,0,0
Dylan Moore,0,4,0,0,0,0,0,2,0,0,0,0,0,0
Colin Moran,2,3,1,0,2,0,2,1,0,0,0,0,0,0
Ryan Mountcastle,1,5,1,0,0,0,0,3,0,0,0,0,0,0
Mike Moustakas,2,4,1,0,0,0,0,0,0,0,0,0,1,0
Cedric Mullins,2,4,0,0,0,1,1,0,0,0,0,0,1,0
Max Muncy,2,2,2,0,0,0,2,0,0,0,0,0,0,0
Sean Murphy,1,4,0,0,1,0,0,2,0,0,0,0,0,0
Wil Myers,1,5,1,0,0,0,0,2,0,0,0,0,0,0
Tyler Naquin,2,5,0,0,0,0,0,0,0,0,0,0,1,0
Omar Narváez,2,4,1,0,0,0,1,0,0,0,0,0,0,0
Brandon Nimmo,1,3,0,0,0,0,1,1,0,0,0,0,1,0
John Nogowski,0,1,0,0,0,0,0,0,0,0,0,0,0,0
Tyler O'Neill,0,1,0,0,0,0,0,0,0,0,0,0,0,0
Shohei Ohtani,1,4,0,0,0,0,0,2,0,0,0,0,0,1
Matt Olson,1,4,0,0,1,0,0,0,0,0,0,0,0,0
Marcell Ozuna,1,4,1,0,0,0,0,1,0,0,0,0,0,0
Cristian Pache,0,4,0,0,0,0,0,0,0,0,0,0,0,0
Josh Palacios,4,4,4,0,1,0,1,0,0,0,0,0,0,0
Joe Panik,1,1,0,0,1,0,0,0,0,0,0,0,0,0
Joc Pederson,1,4,0,0,1,0,0,2,0,0,0,0,0,0
David Peralta,0,4,1,0,0,0,0,1,0,0,0,0,0,0
Hernán Pérez,0,2,0,0,0,0,0,0,0,0,0,0,0,0
Roberto Pérez,1,1,4,1,2,0,3,0,0,0,0,0,0,0
Jace Peterson,0,3,0,0,0,0,0,1,0,0,0,0,0,0
Tommy Pham,0,3,0,0,1,0,0,0,0,1,0,0,0,0
Brett Phillips,1,4,0,0,0,0,0,1,0,0,0,0,1,0
Kevin Pillar,0,1,0,0,0,0,0,0,0,0,0,0,0,0
Kevin Plawecki,1,4,0,0,0,0,0,0,0,0,0,0,0,0
Gregory Polanco,0,3,1,0,0,0,1,1,0,0,0,0,0,0
Jorge Polanco,0,5,0,0,0,0,0,1,0,0,0,0,0,0
AJ Pollock,1,3,1,0,3,0,1,1,0,0,0,0,1,0
Buster Posey,0,3,0,0,0,0,1,0,0,0,0,0,0,0
Jurickson Profar,3,5,1,0,0,0,0,0,0,0,0,0,0,0
Albert Pujols,1,4,0,0,0,0,0,1,0,0,0,0,0,0
Roman Quinn,0,2,0,0,0,0,0,1,0,0,0,0,0,0
José Ramírez,0,4,0,0,0,0,1,0,0,0,0,0,0,0
J.T. Realmuto,0,1,0,0,0,0,0,1,0,0,0,0,0,0
Anthony Rendon,2,4,1,1,1,0,0,1,0,0,0,0,0,0
Franmil Reyes,1,4,1,1,1,0,0,2,0,0,0,0,0,0
Victor Reyes,0,3,0,0,0,0,0,0,0,0,0,0,0,0
Bryan Reynolds,1,4,1,0,2,0,1,2,0,0,0,0,1,0
Austin Riley,0,3,0,0,0,0,1,1,0,0,0,0,0,0
Anthony Rizzo,0,4,0,0,0,0,0,1,0,0,0,0,0,0
Daniel Robertson,1,3,0,0,0,0,0,1,0,0,0,0,1,0
Victor Robles,1,5,0,0,0,0,0,1,0,0,0,0,0,0
José Rojas,0,2,0,0,0,0,0,1,0,0,0,0,0,0
Miguel Rojas,2,4,0,0,1,0,0,0,0,0,0,0,0,0
Amed Rosario,0,3,0,0,0,0,0,0,0,0,0,0,0,0
Eddie Rosario,0,4,0,0,0,0,0,1,0,0,0,0,0,0
Darin Ruf,0,1,0,0,0,0,0,1,0,0,0,0,0,0
Rio Ruiz,0,4,0,0,0,1,1,0,0,0,0,0,0,0
Miguel Sanó,0,3,0,0,0,0,1,1,0,0,0,0,0,0
Gary Sánchez,1,3,0,0,0,0,0,0,0,0,0,1,0,0
Anthony Santander,1,5,1,1,1,0,0,0,0,0,0,0,0,0
Corey Seager,1,4,1,0,0,0,1,0,0,0,0,0,0,0
Kyle Seager,1,4,0,0,1,1,0,0,0,0,0,0,0,0
Jean Segura,1,4,0,0,0,0,0,1,0,0,0,0,0,0
Marcus Semien,0,4,2,0,0,0,2,3,0,0,0,0,0,0
Nick Senzel,3,4,0,0,1,1,0,0,0,0,1,1,0,0
Pedro Severino,0,1,0,0,0,0,0,0,0,0,0,0,0,0
Travis Shaw,1,5,0,0,1,0,0,1,0,0,0,0,0,0
Magneuris Sierra,0,0,0,0,0,0,0,0,0,0,0,0,0,0
Andrelton Simmons,1,3,0,0,0,0,1,0,0,0,0,0,0,0
Chance Sisco,0,3,0,0,0,0,0,0,0,0,0,0,0,0
Dominic Smith,1,3,0,0,0,0,0,2,0,0,0,0,0,0
Will Smith,1,2,1,0,0,0,2,0,0,0,0,0,1,0
Eric Sogard,0,1,0,0,0,0,0,0,0,0,0,0,0,0
Nick Solak,1,4,0,0,0,0,0,2,0,0,0,0,0,0
Donovan Solano,0,1,0,0,0,0,0,0,0,0,0,0,0,0
Edmundo Sosa,0,0,0,0,0,0,0,0,1,0,0,0,0,0
Juan Soto,2,5,3,2,3,0,0,0,0,0,0,0,0,0
Jacob Stallings,1,3,0,0,2,0,1,1,0,0,0,0,0,0
Giancarlo Stanton,0,4,0,0,0,0,0,2,0,0,0,0,0,0
Andrew Stevenson,0,2,0,0,0,0,0,1,0,0,0,0,0,0
DJ Stewart,1,3,0,0,0,0,1,1,0,0,0,0,1,0
Trevor Story,2,4,0,0,0,1,0,0,0,0,0,0,0,0
Myles Straw,0,4,1,0,0,1,0,1,0,0,0,0,0,0
Eugenio Suárez,2,3,2,1,1,0,1,0,0,0,0,0,0,0
Kurt Suzuki,0,3,0,0,0,0,0,1,0,0,0,0,0,0
Dansby Swanson,1,4,0,0,1,0,0,2,0,0,0,0,1,0
Raimel Tapia,2,3,0,0,1,1,1,0,0,0,1,0,0,0
Chris Taylor,1,5,1,1,3,0,0,1,0,0,0,0,0,0
Anderson Tejeda,1,3,1,0,0,1,1,0,0,0,0,0,0,0
Rowdy Tellez,0,5,0,0,0,0,0,2,0,0,0,0,0,0
Ka'ai Tom,0,4,1,0,0,0,0,2,0,0,0,0,0,0
Luis Torrens,1,4,0,0,0,0,0,0,0,0,0,0,0,0
Gleyber Torres,0,4,0,0,0,0,0,0,0,0,0,0,0,0
Taylor Trammell,1,3,2,1,1,0,1,1,0,0,0,0,0,0
Alan Trejo,0,1,0,0,0,0,0,0,0,0,0,0,0,0
Mike Trout,0,1,0,0,0,0,1,0,0,0,0,0,0,0
Yoshi Tsutsugo,1,5,0,0,0,0,0,4,0,0,0,0,0,0
Kyle Tucker,1,4,1,1,1,0,0,1,0,0,0,0,0,0
Justin Turner,2,5,1,0,1,0,0,1,0,0,0,0,2,0
Trea Turner,1,4,1,0,0,0,1,0,0,0,0,0,0,0
Justin Upton,0,1,0,0,0,0,1,1,0,0,0,0,0,0
Luis Urías,0,3,1,0,0,0,2,0,0,0,0,0,0,0
Gio Urshela,0,3,0,0,0,0,0,0,0,0,0,1,0,0
Josh VanMeter,0,1,0,0,0,0,0,1,0,0,0,0,0,0
Christian Vázquez,1,5,0,0,1,0,0,2,0,0,0,0,0,0
Alex Verdugo,0,4,2,0,0,0,1,0,0,0,0,0,0,0
Jonathan Villar,0,3,0,0,0,0,0,3,0,0,0,0,0,0
Stephen Vogt,1,3,0,0,2,0,1,0,0,0,0,0,0,0
Joey Votto,1,4,0,0,0,0,0,0,0,0,0,1,0,0
Christian Walker,2,4,1,0,1,0,0,0,0,1,0,0,0,0
Chad Wallach,1,4,0,0,0,0,0,3,0,0,0,1,1,0
Jared Walsh,1,2,0,0,0,0,0,1,0,0,0,0,0,0
Joey Wendle,2,3,1,0,0,0,0,1,1,0,0,0,0,0
Eli White,1,4,1,0,1,0,0,3,0,0,0,0,0,1
Justin Williams,0,3,0,0,0,0,1,0,0,0,0,0,0,0
Tony Wolters,0,1,0,0,0,0,0,1,0,0,0,0,0,0
Mike Yastrzemski,0,3,0,0,0,0,1,1,0,0,0,0,0,0
Christian Yelich,2,3,3,0,0,1,2,0,0,0,0,0,0,0
Ryan Zimmerman,3,4,1,0,0,0,0,0,0,0,0,0,0,0
