José Abreu,1,4,0,0,0,0,1,1,0,0,0,0,0,0
Ronald Acuña_Jr.,3,4,2,1,2,0,0,0,0,1,0,0,0,0
Willy Adames,0,4,0,0,0,0,0,2,0,0,0,0,0,0
Ehire Adrianza,0,1,0,0,0,0,0,0,0,0,0,0,0,0
Jesús Aguilar,0,0,0,0,0,0,0,0,0,0,0,0,0,0
Nick Ahmed,2,4,0,0,0,0,0,1,0,0,0,0,0,0
Hanser Alberto,0,1,0,0,0,0,0,1,0,0,0,0,0,0
Ozzie Albies,1,5,1,1,2,0,0,2,0,0,0,0,0,0
Pete Alonso,0,0,0,0,0,0,0,0,0,0,0,0,0,0
Brian Anderson,0,0,0,0,0,0,0,0,0,0,0,0,0,0
Aristides Aquino,0,1,0,0,0,0,0,1,0,0,0,0,0,0
Nolan Arenado,1,3,0,0,0,0,1,0,0,0,0,0,0,0
Randy Arozarena,1,5,1,1,2,0,0,1,0,0,0,0,0,0
Luis Arraez,2,3,2,0,0,0,2,0,0,0,0,0,0,0
Christian Arroyo,1,1,0,0,0,0,0,0,0,0,0,0,0,0
Javier Báez,1,4,1,1,1,0,0,3,0,0,0,0,0,0
Austin Barnes,0,3,0,0,0,0,0,2,0,0,0,0,0,0
Jake Bauers,0,3,0,0,1,0,0,1,0,0,0,0,0,0
Matt Beaty,0,0,0,0,0,0,1,0,0,0,0,0,0,0
Brandon Belt,1,2,2,1,1,1,2,1,0,0,0,0,0,0
Andrew Benintendi,1,4,0,0,1,1,1,1,0,0,1,0,0,0
Braden Bishop,0,2,0,0,0,0,0,1,0,0,0,0,0,0
Charlie Blackmon,1,4,0,0,0,0,0,0,0,0,0,0,0,0
Alex Blandino,0,1,0,0,0,0,0,0,1,0,0,0,0,0
Xander Bogaerts,3,5,1,0,0,0,0,2,0,0,0,0,1,0
Alec Bohm,2,4,2,0,0,0,0,0,0,0,0,0,1,0
David Bote,0,2,0,0,0,0,0,0,0,0,0,0,0,0
Jackie Bradley Jr,1,3,0,0,0,0,0,0,0,0,0,0,0,0
Mike Brosseau,1,2,1,0,0,0,1,0,0,0,0,0,0,0
Kris Bryant,0,3,0,0,0,0,0,1,1,0,0,0,0,0
Byron Buxton,3,4,1,1,4,0,0,0,1,0,0,0,1,0
Lorenzo Cain,1,4,1,0,0,1,1,0,0,0,0,0,1,0
Jeimer Candelario,1,3,0,0,1,0,1,0,0,0,0,0,0,0
Victor Caratini,0,4,0,0,0,0,0,0,0,0,0,0,0,0
Dylan Carlson,1,3,1,0,0,0,1,1,0,0,0,0,0,0
Matt Carpenter,0,1,0,0,0,0,0,0,0,0,0,0,0,0
Curt Casali,0,3,0,0,0,0,1,1,0,0,0,0,0,0
Nick Castellanos,0,4,0,0,0,0,0,1,0,0,0,0,0,0
Starlin Castro,2,4,0,0,0,0,0,1,0,0,0,0,0,0
Willi Castro,0,4,0,0,0,0,0,2,0,0,0,0,0,0
Jake Cave,0,4,0,0,0,0,0,2,0,0,0,0,0,0
Yu Chang,0,1,0,0,0,0,0,1,0,0,0,0,0,0
Jazz Chisholm_Jr.,0,0,0,0,0,0,0,0,0,0,0,0,0,0
Zack Collins,0,4,0,0,0,0,1,2,0,0,0,0,0,0
Michael Conforto,0,0,0,0,0,0,0,0,0,0,0,0,0,0
Willson Contreras,2,3,0,0,0,0,0,0,1,0,0,0,0,0
Franchy Cordero,1,4,1,0,0,0,1,1,0,0,0,0,0,0
Brandon Crawford,1,4,0,0,0,0,0,0,0,0,0,0,1,0
J.P. Crawford,2,4,0,0,0,0,0,0,0,0,0,0,0,0
Jake Cronenworth,1,4,0,0,0,0,0,0,0,0,0,0,0,0
Nelson Cruz,1,3,2,0,1,0,1,1,0,1,0,0,0,0
Charlie Culberson,0,2,0,0,0,0,0,1,0,0,0,0,0,0
Travis d'Arnaud,1,3,1,0,0,0,1,0,0,0,0,0,1,0
Bobby Dalbec,1,4,0,0,0,0,1,1,0,0,0,1,1,0
Yonathan Daza,1,1,0,0,0,0,0,0,0,0,0,0,0,0
Austin Dean,2,4,0,0,2,0,0,0,0,0,0,0,1,0
Paul DeJong,0,3,1,0,0,0,0,0,1,0,0,1,0,0
Rafael Devers,2,5,2,2,5,0,1,2,0,0,0,0,0,0
Elias Díaz,0,1,0,0,0,0,0,1,0,0,0,0,0,0
Yandy Díaz,1,3,1,0,0,0,1,1,0,0,0,0,0,0
Alex Dickerson,1,4,1,1,1,0,0,1,0,0,0,0,0,0
Corey Dickerson,1,1,0,0,0,0,0,0,0,0,0,0,0,0
Wilmer Difo,1,1,1,1,2,0,0,0,0,0,0,0,0,0
Hunter Dozier,0,2,0,0,0,0,1,1,0,0,1,0,0,0
Mauricio Dubón,0,0,0,0,0,0,0,0,0,0,0,0,0,0
Matt Duffy,0,1,0,0,0,0,0,0,0,0,0,0,0,0
Adam Duvall,0,0,0,0,0,0,0,0,0,0,0,0,0,0
Adam Eaton,1,2,1,1,2,0,0,1,0,0,0,0,0,0
Tommy Edman,1,5,0,0,0,0,0,0,0,0,0,0,0,0
Eduardo Escobar,2,5,2,1,2,0,0,1,0,0,0,0,1,0
Phillip Evans,2,5,1,0,0,0,0,0,0,0,0,0,0,0
Kyle Farmer,1,3,0,0,0,0,0,0,0,0,0,0,0,0
Wilmer Flores,0,0,0,0,0,0,0,0,1,0,0,0,0,0
Dustin Fowler,1,3,1,0,1,0,0,1,1,0,0,0,1,0
Ty France,2,3,2,0,0,0,0,1,2,0,0,0,0,0
Maikel Franco,2,4,1,1,4,0,1,0,0,0,0,0,0,0
Adam Frazier,0,4,0,0,0,0,1,0,0,0,0,0,0,0
Freddie Freeman,1,4,1,1,1,0,0,0,0,0,0,0,0,0
Josh Fuentes,1,4,0,0,0,0,0,1,0,0,0,0,0,0
Joey Gallo,0,2,0,0,0,1,1,0,1,0,0,0,0,0
Freddy Galvis,1,1,0,0,0,0,1,0,0,0,0,0,0,0
Ben Gamel,0,0,0,0,0,0,0,0,0,0,0,0,0,0
Avisaíl García,1,5,2,1,2,0,0,2,0,0,0,0,0,0
Leury García,1,5,0,0,1,0,0,2,0,0,0,0,1,0
Luis García,0,1,0,0,0,0,0,1,0,0,0,0,0,0
Brett Gardner,1,3,1,0,0,0,2,2,0,0,0,0,0,0
Andrés Giménez,1,4,1,0,0,0,0,0,0,0,0,0,1,0
Paul Goldschmidt,0,5,0,0,0,0,0,0,0,0,0,0,0,0
Marwin Gonzalez,0,4,1,0,0,0,0,1,1,0,0,0,0,0
Niko Goodrum,0,3,0,0,0,0,1,1,0,0,0,0,0,0
Didi Gregorius,1,3,1,1,4,0,0,0,0,1,0,0,0,0
Trent Grisham,1,3,1,1,1,0,1,1,0,0,0,0,0,0
Robbie Grossman,0,2,1,0,0,1,1,1,1,0,0,0,0,0
Luis Guillorme,0,0,0,0,0,0,0,0,0,0,0,0,0,0
Ronald Guzmán,0,1,0,0,0,0,0,1,0,0,0,0,0,0
Sam Haggerty,0,1,0,0,0,0,0,0,0,0,0,0,0,0
Garrett Hampson,0,4,0,0,0,0,1,0,0,0,0,0,0,0
Mitch Haniger,1,5,1,0,0,0,0,3,0,0,0,0,0,0
Ian Happ,1,4,0,0,0,0,0,1,0,0,0,0,0,0
Bryce Harper,1,4,1,1,1,0,0,2,0,0,0,0,0,0
Austin Hedges,0,4,0,0,0,0,0,1,0,0,0,0,0,0
César Hernández,1,4,0,0,1,0,0,1,0,0,0,0,0,0
Kiké Hernández,2,5,2,0,1,0,0,1,1,0,0,0,0,0
Yadiel Hernandez,0,4,0,0,0,0,0,1,0,0,0,0,0,0
Jason Heyward,0,4,0,0,0,0,0,1,0,0,0,0,0,0
Aaron Hicks,0,4,1,0,0,0,0,0,1,0,0,0,0,0
Sam Hilliard,0,4,0,0,0,0,0,2,0,0,0,0,0,0
Rhys Hoskins,1,4,1,1,1,0,0,1,0,0,0,0,0,0
Eric Hosmer,1,3,0,0,0,0,1,0,0,0,0,0,0,0
Kyle Isbel,2,4,1,0,0,0,0,1,0,0,0,0,0,0
Ryan Jeffers,0,4,0,0,0,0,0,2,0,0,0,0,0,0
JaCoby Jones,0,3,0,0,0,0,0,1,0,0,0,0,0,0
Matt Joyce,1,1,0,0,0,0,0,0,0,0,0,0,1,0
Aaron Judge,0,3,1,0,0,0,2,1,0,0,0,0,0,0
Carson Kelly,1,3,1,0,0,0,1,1,0,0,0,0,0,0
Max Kepler,1,4,0,0,1,0,0,0,0,1,0,0,1,0
Ha-Seong Kim,0,3,0,0,0,0,0,0,0,0,0,0,0,0
Isiah Kiner-Falefa,1,5,0,0,0,0,0,0,0,0,0,0,0,0
Tommy La Stella,0,4,0,0,0,0,0,1,0,0,0,0,0,0
DJ LeMahieu,1,5,0,0,0,0,0,0,0,0,0,0,1,0
Francisco Lindor,0,0,0,0,0,0,0,0,0,0,0,0,0,0
Tim Locastro,1,5,0,0,0,0,0,2,0,0,0,0,0,0
Evan Longoria,2,4,0,0,2,0,0,1,0,0,0,0,0,0
Nicky Lopez,0,2,1,0,0,1,1,0,0,0,0,0,0,0
Brandon Lowe,0,4,0,0,0,0,0,1,0,0,0,0,0,0
Nate Lowe,0,2,0,0,0,0,2,1,0,0,0,0,0,0
Jonathan Lucroy,0,3,0,0,0,0,0,0,0,0,0,0,0,0
Jordan Luplow,0,1,0,0,0,0,0,1,0,0,0,0,0,0
Gavin Lux,0,4,0,0,0,0,0,1,0,0,0,0,0,0
Manny Machado,1,4,1,1,1,0,0,2,0,0,0,0,0,0
Nick Madrigal,1,5,1,0,0,0,0,0,0,0,0,0,0,0
Trey Mancini,1,4,1,1,4,0,1,0,0,0,0,0,0,0
Manuel Margot,1,4,0,0,0,0,0,0,0,0,0,1,1,0
José Marmolejos,1,3,1,0,0,0,0,1,0,0,0,1,1,0
Starling Marte,0,1,0,0,0,0,0,0,0,0,0,0,0,0
J.D. Martinez,4,6,4,3,4,0,0,2,0,0,0,0,0,0
Wyatt Mathisen,0,1,0,0,0,0,0,1,0,0,0,0,0,0
Nomar Mazara,0,4,0,0,0,0,0,0,0,0,0,2,0,0
Andrew McCutchen,0,4,0,0,0,0,0,0,0,0,0,0,0,0
Ryan McKenna,2,3,2,0,0,0,0,1,0,0,0,0,0,1
Billy McKinney,0,1,0,0,0,0,0,1,0,0,0,0,0,0
Zach McKinstry,2,3,1,1,3,0,0,0,0,0,0,0,1,0
Ryan McMahon,1,4,0,0,0,1,0,1,0,0,0,0,0,0
Jeff McNeil,0,0,0,0,0,0,0,0,0,0,0,0,0,0
Austin Meadows,0,3,0,0,0,0,0,1,2,0,0,0,0,0
Danny Mendick,0,2,0,0,0,0,2,1,0,0,0,0,0,0
Yermín Mercedes,0,1,0,0,0,0,3,0,0,0,0,0,0,0
Jordy Mercer,0,3,0,0,0,0,0,2,0,0,0,0,0,0
Whit Merrifield,2,4,0,0,1,1,1,1,0,0,1,0,0,0
Yadier Molina,1,3,1,0,0,0,1,0,0,0,0,0,1,0
Yoán Moncada,0,5,0,0,0,0,0,0,0,0,0,1,0,0
Dylan Moore,0,2,0,0,1,0,0,0,0,0,0,0,0,0
Colin Moran,1,4,0,0,1,0,1,3,0,0,0,0,0,0
Ryan Mountcastle,1,5,1,0,0,0,0,3,0,0,0,0,1,0
Mike Moustakas,0,2,0,0,0,0,0,2,0,0,0,0,0,0
Cedric Mullins,2,4,2,0,0,0,1,2,0,0,0,0,1,0
Max Muncy,1,3,1,0,0,0,0,1,0,0,0,0,0,0
Tom Murphy,0,5,0,0,0,0,0,3,0,0,0,0,0,0
Wil Myers,1,4,0,0,0,0,0,1,0,0,0,0,1,0
Tyler Naquin,0,4,0,0,0,0,0,2,0,0,0,0,0,0
Josh Naylor,1,3,0,0,0,0,1,1,0,0,0,0,0,0
Kevin Newman,1,5,1,0,0,0,0,1,0,0,0,0,0,0
Tomás Nido,0,0,0,0,0,0,0,0,0,0,0,0,0,0
Brandon Nimmo,0,0,0,0,0,0,0,0,0,0,0,0,0,0
Dom Nuñez,0,3,0,0,0,0,0,3,0,0,0,0,0,0
Renato Núñez,0,3,0,0,0,0,1,3,0,0,0,0,0,0
Rougned Odor,1,5,1,0,1,0,0,0,0,0,0,0,0,0
Marcell Ozuna,0,4,0,0,0,0,0,1,0,0,0,0,0,0
Cristian Pache,1,4,1,0,0,0,0,1,0,0,0,0,1,0
Kevin Padlo,0,4,0,0,0,0,0,4,0,0,0,1,0,0
Joc Pederson,1,4,0,0,0,0,0,1,0,0,0,0,0,0
David Peralta,2,4,2,1,3,0,1,0,0,0,0,0,1,0
Salvador Perez,0,5,0,0,0,0,0,3,0,0,0,0,0,0
Jace Peterson,0,4,0,0,0,0,1,2,0,0,0,0,0,0
Tommy Pham,0,3,0,0,0,0,1,0,0,0,0,0,0,0
Brett Phillips,0,1,0,0,0,0,0,1,0,0,0,0,0,0
Manny Piña,3,4,1,1,2,0,1,1,0,0,0,1,1,0
Gregory Polanco,1,5,1,0,0,0,0,3,0,0,0,0,0,0
Jorge Polanco,1,5,1,0,0,0,0,0,0,0,0,0,0,0
AJ Pollock,0,1,0,0,0,0,0,0,0,0,0,0,0,0
Jurickson Profar,0,4,0,0,0,0,0,0,0,0,0,0,0,0
Roman Quinn,0,4,0,0,0,0,0,0,0,0,0,0,0,0
José Ramírez,0,2,1,0,0,0,2,1,0,0,0,0,0,0
Wilson Ramos,1,3,1,1,1,0,1,1,0,0,0,0,0,0
J.T. Realmuto,1,4,1,0,0,1,0,1,0,0,0,0,1,0
Franmil Reyes,2,3,1,0,1,0,1,0,0,0,0,0,1,0
Bryan Reynolds,4,5,0,0,0,0,0,0,0,0,0,0,0,0
Austin Riley,1,4,0,0,0,0,0,1,0,0,0,0,0,0
Edwin Ríos,0,3,0,0,0,0,0,0,0,0,0,0,0,0
Anthony Rizzo,0,3,0,0,0,0,1,1,0,0,0,0,0,0
Luis Robert,1,5,0,0,0,0,0,1,0,0,0,0,1,0
Daniel Robertson,0,2,0,0,0,0,0,0,0,0,0,0,0,0
Victor Robles,1,4,0,0,0,0,0,0,0,0,0,0,0,0
Josh Rojas,0,0,0,0,0,0,1,0,0,0,0,0,0,0
Miguel Rojas,0,0,0,0,0,0,0,0,0,0,0,0,0,0
Amed Rosario,0,1,0,0,0,0,2,0,0,0,0,0,0,0
Eddie Rosario,2,3,2,0,0,1,1,1,0,0,0,0,1,0
Darin Ruf,0,1,0,0,0,0,0,0,0,0,0,0,0,0
Rio Ruiz,0,5,0,0,0,0,0,2,0,0,0,1,0,0
Miguel Sanó,0,3,0,0,0,0,1,1,0,0,0,0,0,0
Gary Sánchez,1,3,2,0,1,0,1,0,1,0,0,0,0,0
Pablo Sandoval,0,1,0,0,0,0,0,0,0,0,0,0,0,0
Carlos Santana,1,4,1,1,1,0,1,1,0,0,0,0,0,0
Anthony Santander,0,1,0,0,0,0,0,1,0,0,0,0,0,0
Jonathan Schoop,2,4,0,0,0,0,0,2,0,0,0,0,0,0
Corey Seager,1,4,0,0,0,0,0,1,0,0,0,0,1,0
Kyle Seager,4,4,2,2,4,0,1,0,0,0,0,0,0,0
Jean Segura,1,3,1,0,1,0,0,1,0,1,0,0,0,0
Nick Senzel,0,3,0,0,0,0,0,0,0,0,0,0,0,0
Pedro Severino,0,3,0,0,0,0,1,1,0,0,0,0,0,0
Travis Shaw,1,2,2,1,3,0,1,0,0,0,0,0,0,0
Andrelton Simmons,0,4,0,0,0,0,0,1,0,0,0,0,0,0
Dominic Smith,0,0,0,0,0,0,0,0,0,0,0,0,0,0
Pavin Smith,1,4,0,0,1,0,0,2,0,0,0,0,0,0
Eric Sogard,0,2,0,0,0,0,0,0,0,0,0,0,0,0
Nick Solak,1,4,0,0,0,0,0,3,0,0,0,0,0,0
Donovan Solano,0,1,0,0,0,0,0,0,0,0,0,0,0,0
Jorge Soler,0,4,0,0,0,0,0,4,0,0,0,0,0,0
Juan Soto,0,4,0,0,0,0,0,1,0,0,0,0,0,0
Jacob Stallings,2,3,2,0,0,0,1,1,0,0,0,0,1,0
Giancarlo Stanton,0,3,0,0,0,0,1,2,0,0,0,0,0,0
Tyler Stephenson,0,2,0,0,0,0,1,1,0,0,0,0,0,0
Andrew Stevenson,1,1,0,0,0,0,0,0,0,0,0,0,0,0
DJ Stewart,1,3,1,0,0,0,2,0,0,0,0,0,0,0
Trevor Story,2,3,0,0,0,0,2,0,0,0,0,0,1,0
Eugenio Suárez,1,4,0,0,0,0,0,2,0,0,0,0,0,0
Dansby Swanson,2,4,0,0,1,0,0,1,0,0,0,0,1,0
Raimel Tapia,2,4,0,0,0,0,1,0,0,0,0,0,0,0
Mike Tauchman,0,0,0,0,0,0,0,0,0,0,0,0,0,0
Leody Taveras,0,3,0,0,0,1,0,0,1,0,0,0,0,0
Chris Taylor,1,3,1,0,0,0,0,1,0,0,0,0,0,0
Michael A.,1,4,1,0,0,0,0,1,0,0,0,0,0,0
Anderson Tejeda,0,4,0,0,0,0,0,3,0,0,0,0,0,0
Lane Thomas,1,3,0,0,0,0,1,1,0,0,0,0,0,0
Luis Torrens,2,5,1,0,0,0,0,1,0,0,0,0,0,0
Gleyber Torres,1,4,1,0,1,1,1,2,0,0,0,0,0,0
Taylor Trammell,2,5,1,1,3,0,0,2,0,0,0,0,0,0
Alan Trejo,0,1,0,0,0,0,0,0,0,0,0,0,0,0
Jose Trevino,2,3,0,0,0,0,1,1,0,0,0,0,1,0
Yoshi Tsutsugo,0,1,0,0,0,0,0,1,0,0,0,0,0,0
Justin Turner,0,3,0,0,0,0,0,0,0,0,0,0,0,0
Trea Turner,3,4,0,0,0,1,0,1,0,0,0,0,0,0
Luis Urías,0,3,0,0,0,1,2,1,0,0,0,0,0,0
Ramón Urías,0,1,1,0,0,0,1,0,0,0,0,1,0,0
Gio Urshela,4,5,1,1,3,0,0,1,0,0,0,0,1,0
Josh VanMeter,2,2,1,0,1,0,3,0,0,0,0,0,1,0
Andrew Vaughn,0,1,0,0,0,0,2,0,0,0,0,0,0,0
Christian Vázquez,1,5,1,0,0,0,0,0,0,0,0,0,0,0
Alex Verdugo,2,5,2,1,3,0,0,1,1,0,0,0,0,0
Daniel Vogelbach,1,4,2,0,1,0,1,2,0,0,0,0,0,0
Joey Votto,0,3,0,0,0,0,1,0,0,0,0,0,0,0
LaMonte Wade_Jr.,2,3,0,0,0,0,1,0,0,0,0,0,1,0
Christian Walker,1,4,1,0,0,0,0,2,0,0,0,0,0,0
Chad Wallach,0,0,0,0,0,0,0,0,0,0,0,0,0,0
Eli White,1,4,0,0,0,0,0,1,0,0,1,0,0,0
Evan White,0,0,0,0,0,0,0,0,0,0,0,0,0,0
Justin Williams,1,1,0,0,0,0,0,0,0,0,0,0,0,0
Nick Williams,0,1,1,0,0,0,0,0,0,0,0,0,0,0
Jesse Winker,0,1,0,0,0,0,0,0,0,0,0,0,0,0
Mike Yastrzemski,1,4,1,0,0,0,0,2,0,0,0,0,1,0
Christian Yelich,1,2,1,0,0,0,0,0,0,0,0,0,0,0
Ryan Zimmerman,0,4,0,0,0,0,0,1,0,0,0,0,0,0
Mike Zunino,2,4,1,1,2,0,0,1,0,0,0,0,1,0
