José Abreu,0,3,0,0,0,0,1,2,0,0,0,0,0,0
Ronald Acuña_Jr.,1,2,2,0,0,1,3,0,0,0,0,0,0,1
Willy Adames,1,3,1,1,1,0,0,2,0,0,0,0,0,0
Ehire Adrianza,0,1,0,0,0,0,0,0,0,0,0,0,0,0
Nick Ahmed,0,4,0,0,1,0,0,1,0,0,0,1,0,0
Hanser Alberto,0,4,0,0,0,0,0,1,0,0,0,0,0,0
Ozzie Albies,0,3,0,0,2,0,0,0,0,2,0,0,0,0
Jose Altuve,0,3,0,0,0,0,1,1,0,0,0,0,0,0
Yordan Alvarez,0,4,0,0,0,0,0,0,0,0,0,0,0,0
Brian Anderson,1,5,0,0,1,0,0,1,0,0,0,0,1,0
Elvis Andrus,1,3,0,0,1,0,1,0,0,0,0,0,0,0
Nolan Arenado,0,4,0,0,0,0,0,3,0,0,0,0,0,0
Randy Arozarena,0,3,0,0,0,0,1,2,0,0,0,0,0,0
Akil Baddoo,2,3,1,1,2,0,0,0,0,1,0,0,1,0
Javier Báez,1,4,0,0,2,0,0,2,0,0,0,1,1,0
Tucker Barnhart,0,3,1,0,0,0,1,2,0,0,0,0,0,0
Josh Bell,1,3,2,0,0,0,2,1,0,0,0,0,0,0
Brandon Belt,0,1,0,0,0,0,0,1,0,0,0,0,0,0
Andrew Benintendi,0,3,1,0,0,0,1,2,0,0,0,0,0,0
Jon Berti,0,1,1,0,0,0,1,0,0,0,1,0,0,0
Bo Bichette,1,3,1,0,0,0,1,1,0,0,0,0,0,0
Cavan Biggio,0,4,0,0,0,0,0,1,0,0,0,0,0,0
David Bote,0,3,0,0,0,0,1,3,0,0,0,0,0,0
Jackie Bradley Jr,1,4,1,0,1,0,0,2,0,0,0,0,0,1
Michael Brantley,1,4,1,1,1,0,0,1,0,0,0,0,0,0
Alex Bregman,0,3,0,0,0,0,1,0,0,0,0,0,0,0
Seth Brown,0,1,0,0,0,0,0,1,0,0,0,0,0,0
Kris Bryant,2,4,2,1,1,0,0,2,0,0,0,0,0,0
Asdrúbal Cabrera,1,4,1,0,2,0,0,1,0,1,0,0,1,0
Lorenzo Cain,0,5,1,0,0,0,0,2,0,0,0,0,0,0
Kole Calhoun,3,4,1,0,1,0,1,0,0,0,0,0,0,0
Jeimer Candelario,2,3,0,0,0,0,2,0,0,0,0,0,0,0
Mark Canha,1,4,2,0,0,1,1,1,0,0,0,0,1,0
Victor Caratini,1,4,0,0,1,0,0,0,0,0,0,0,1,0
Dylan Carlson,0,4,0,0,0,0,0,2,0,0,0,0,0,0
Matt Carpenter,1,2,1,0,0,0,1,0,0,0,0,0,0,0
Nick Castellanos,1,4,0,0,0,0,0,0,0,0,0,0,0,0
Harold Castro,0,0,0,0,0,0,0,0,0,0,0,0,0,0
Starlin Castro,1,3,0,0,2,0,0,0,0,1,0,0,0,0
Willi Castro,1,4,0,0,0,0,1,1,0,0,0,0,0,0
Yu Chang,1,2,1,0,0,0,1,0,0,0,0,1,0,0
Matt Chapman,3,5,2,1,2,0,0,0,0,0,0,0,0,0
Jazz Chisholm_Jr.,1,3,0,0,0,0,1,1,0,0,0,0,1,0
Willson Contreras,1,3,0,0,0,0,1,1,0,0,0,0,0,0
Garrett Cooper,3,5,0,0,3,0,0,2,0,0,0,0,1,0
Carlos Correa,1,4,1,1,1,0,0,2,0,0,0,0,0,0
Brandon Crawford,0,3,0,0,0,0,0,1,0,0,0,0,0,0
Jake Cronenworth,2,5,1,0,0,0,0,0,0,0,0,0,0,0
David Dahl,0,4,0,0,0,0,0,2,0,0,0,0,0,0
Austin Dean,0,0,0,0,0,0,1,0,0,0,0,0,0,0
Paul DeJong,1,4,0,0,0,0,0,2,0,0,0,0,0,0
Alex Dickerson,0,2,0,0,0,0,0,0,0,0,0,0,0,0
Corey Dickerson,1,4,1,0,0,0,1,1,0,0,0,0,1,0
Wilmer Difo,1,1,1,0,0,0,0,0,0,0,0,0,0,1
Mauricio Dubón,0,2,0,0,0,0,0,0,0,0,0,0,0,0
Adam Duvall,1,3,1,1,1,0,2,0,0,0,0,0,0,0
Jarrod Dyson,0,1,0,0,0,0,0,0,0,0,0,0,0,0
Adam Eaton,1,4,1,1,3,0,0,1,0,0,0,0,0,0
Tommy Edman,1,4,0,0,1,1,0,1,0,0,0,0,0,0
Eduardo Escobar,0,4,0,0,0,0,0,0,0,0,0,0,0,0
Phillip Evans,2,4,0,0,1,0,0,1,0,0,0,0,1,0
Kyle Farmer,0,1,0,0,0,0,0,1,0,0,0,0,0,0
David Fletcher,2,5,1,0,0,0,0,2,0,0,0,0,0,0
Wilmer Flores,0,2,0,0,0,0,0,0,0,0,0,0,0,0
Dustin Fowler,0,4,0,0,0,0,0,2,0,0,0,0,0,0
Adam Frazier,1,3,1,0,1,0,0,0,0,1,0,0,0,0
Clint Frazier,0,2,0,0,0,0,1,1,0,0,0,0,0,0
Freddie Freeman,0,5,0,0,0,0,0,1,0,0,0,0,0,0
Joey Gallo,0,2,0,0,0,0,2,1,0,0,0,0,0,0
Avisaíl García,1,2,1,0,0,0,1,0,1,0,0,0,0,0
Leury García,0,3,0,0,0,0,0,0,0,0,0,0,0,0
Robel García,0,1,0,0,0,0,0,0,0,0,0,0,0,0
Brett Gardner,0,1,0,0,0,0,0,1,0,0,0,0,0,0
Paul Goldschmidt,0,4,0,0,0,0,0,0,0,0,0,0,0,0
Yan Gomes,2,4,0,0,0,0,0,1,0,0,0,0,0,0
Erik González,1,4,0,0,0,0,0,2,0,0,0,0,0,0
Yasmani Grandal,0,3,0,0,0,0,1,1,0,0,0,0,0,0
Grayson Greiner,2,4,1,1,3,0,0,1,0,0,0,0,0,0
Randal Grichuk,1,4,0,0,1,0,0,1,0,0,0,0,1,0
Robbie Grossman,0,5,0,0,0,0,0,1,0,0,0,0,0,0
Vladim Guerrero_Jr.,1,4,0,0,0,0,0,2,0,0,0,0,0,0
Yuli Gurriel,3,4,0,0,0,0,0,0,0,0,0,0,1,0
Lourdes Gurriel_Jr.,0,3,0,0,0,0,1,1,0,0,0,0,0,0
Ronald Guzmán,0,0,0,0,0,0,0,0,0,0,0,0,0,0
Ian Happ,0,3,0,0,0,0,1,0,0,0,0,0,0,0
Josh Harrison,1,4,0,0,0,0,0,0,0,0,0,0,0,0
César Hernández,0,3,0,0,0,0,1,0,0,0,0,0,0,0
Jason Heyward,0,4,0,0,0,0,0,1,0,0,0,0,0,0
Kyle Higashioka,2,3,2,2,3,0,0,0,0,0,0,0,0,0
Keston Hiura,1,3,0,0,1,1,0,1,0,0,0,0,0,0
Eric Hosmer,1,4,0,0,0,0,1,1,0,0,0,0,0,0
José Iglesias,2,4,1,0,0,0,0,1,0,0,0,0,0,0
Ender Inciarte,0,3,0,0,0,0,0,1,0,0,0,0,0,0
Jonathan India,0,2,0,0,0,0,0,0,1,0,0,0,0,0
Kyle Isbel,0,4,0,0,0,0,0,3,0,0,0,0,0,0
Alex Jackson,1,2,1,0,0,0,0,0,2,0,0,0,0,0
Danny Jansen,0,0,0,0,0,0,0,0,0,0,0,0,0,0
Aaron Judge,0,2,0,0,0,0,2,0,0,0,0,0,0,0
Ha-Seong Kim,1,4,0,0,0,0,0,1,0,0,0,0,0,0
Isiah Kiner-Falefa,0,4,0,0,0,0,0,3,0,0,0,0,0,0
Alejandro Kirk,0,2,0,0,0,0,0,1,0,0,0,0,0,0
Andrew Knizner,0,1,0,0,0,0,0,1,0,0,0,0,0,0
Tommy La Stella,0,1,0,0,0,0,0,0,0,0,0,0,0,0
Ramón Laureano,2,4,2,0,0,2,1,1,0,0,0,0,0,0
DJ LeMahieu,0,4,0,0,0,0,0,3,0,0,0,0,0,0
Tim Locastro,1,3,1,0,0,0,2,0,0,0,0,0,0,0
Evan Longoria,0,4,0,0,0,0,0,1,0,0,0,0,0,0
Nicky Lopez,1,3,0,0,0,0,0,1,0,0,0,1,0,0
Brandon Lowe,0,4,0,0,0,0,0,1,0,0,0,0,0,0
Nate Lowe,0,4,0,0,0,0,0,3,0,0,0,0,0,0
Jed Lowrie,2,4,2,0,3,0,1,1,0,0,0,0,1,0
Jordan Luplow,2,4,0,0,0,0,0,1,0,0,0,0,0,0
Manny Machado,1,4,2,0,0,1,1,1,0,0,0,0,0,0
Nick Madrigal,0,0,1,0,0,0,0,0,0,0,0,0,0,0
Martín Maldonado,0,4,0,0,0,0,0,2,0,0,0,0,0,0
Tucupita Marcano,0,1,0,0,0,0,0,1,0,0,0,0,0,0
Manuel Margot,0,2,0,0,0,0,1,1,0,0,0,0,0,0
Starling Marte,1,4,2,0,0,0,1,1,0,0,0,0,0,0
Wyatt Mathisen,0,1,0,0,0,0,0,1,0,0,0,0,0,0
Jack Mayfield,0,0,0,0,0,0,0,0,0,0,0,0,0,0
Nomar Mazara,1,4,1,0,0,0,1,1,0,0,0,0,0,0
Ryan McBroom,0,1,0,0,0,0,0,1,0,0,0,0,0,0
Billy McKinney,3,3,1,0,0,0,0,0,0,0,0,0,0,0
Austin Meadows,1,2,0,0,0,0,2,1,0,0,0,0,1,0
Francisco Mejía,0,3,0,0,0,0,0,1,0,0,0,0,0,0
Danny Mendick,0,2,1,0,0,0,1,1,0,0,0,0,0,0
Yermín Mercedes,1,4,0,0,0,0,0,1,0,0,0,0,0,0
Whit Merrifield,1,4,1,0,0,0,0,1,0,0,0,0,1,0
Yadier Molina,1,4,1,1,1,0,0,2,0,0,0,0,0,0
Yoán Moncada,2,4,0,0,0,0,0,0,0,0,0,0,0,0
Colin Moran,0,4,0,0,0,0,0,0,0,0,0,0,0,0
Mike Moustakas,0,4,0,0,0,0,0,1,0,0,0,0,0,0
Sean Murphy,2,4,0,0,1,0,0,0,1,0,0,0,2,0
Wil Myers,3,5,1,1,5,0,0,1,0,0,0,0,0,0
Omar Narváez,1,3,0,0,0,0,0,1,1,0,0,0,0,0
Josh Naylor,1,4,0,0,0,0,0,1,0,0,0,0,1,0
Kevin Newman,0,3,0,0,0,0,0,1,0,0,0,0,0,0
John Nogowski,0,1,0,0,0,0,0,0,0,0,0,0,0,0
Renato Núñez,2,5,2,1,1,0,0,1,0,0,0,0,1,0
Rougned Odor,1,3,1,0,0,0,0,0,0,0,0,0,0,0
Shohei Ohtani,3,5,2,0,3,0,0,0,0,0,1,0,2,0
Matt Olson,0,2,0,0,1,0,0,1,1,1,0,1,0,0
Marcell Ozuna,1,4,0,0,1,0,1,2,0,0,0,0,0,0
Cristian Pache,0,0,0,0,0,0,0,0,0,0,0,0,0,0
Josh Palacios,0,3,0,0,0,0,0,2,0,0,0,0,0,0
Joe Panik,0,1,0,0,0,0,0,1,0,0,0,0,0,0
Joc Pederson,0,2,1,0,0,0,2,1,0,0,0,0,0,0
David Peralta,1,4,0,0,1,0,0,1,0,0,0,0,0,0
Roberto Pérez,0,3,0,0,0,0,1,1,0,0,0,0,0,0
Salvador Perez,4,4,1,0,1,0,0,0,0,0,0,0,0,0
Jace Peterson,0,0,0,0,0,0,1,0,0,0,0,0,0,0
Tommy Pham,1,4,1,0,0,0,0,1,0,0,0,0,0,0
Brett Phillips,1,2,0,0,0,1,1,1,0,0,0,0,1,0
Stephen Piscotty,1,5,1,0,0,0,0,3,0,0,0,0,1,0
Gregory Polanco,0,1,0,0,0,0,0,1,0,0,0,0,0,0
Buster Posey,1,3,0,0,0,0,0,1,0,0,0,0,0,0
Jurickson Profar,0,3,1,0,0,0,2,2,0,0,0,0,0,0
Albert Pujols,2,4,1,0,0,0,0,2,0,0,0,0,0,0
José Ramírez,0,4,0,0,0,0,0,2,0,0,0,0,0,0
Wilson Ramos,1,5,0,0,0,0,0,0,0,0,0,0,0,0
Franmil Reyes,0,2,1,0,1,0,0,2,1,1,0,0,0,0
Bryan Reynolds,0,3,0,0,0,0,1,1,0,0,0,0,0,0
Austin Riley,0,3,0,0,0,0,0,2,1,0,0,0,0,0
Anthony Rizzo,0,4,0,0,0,0,0,0,0,0,0,0,0,0
Luis Robert,1,4,0,0,0,0,0,2,0,0,0,0,1,0
Daniel Robertson,0,3,1,0,0,0,1,2,0,0,0,0,0,0
Victor Robles,1,5,1,0,0,0,0,3,0,0,0,0,0,1
José Rojas,0,5,0,0,0,0,0,2,0,0,0,0,0,0
Josh Rojas,0,1,0,0,0,0,0,1,0,0,0,0,0,0
Miguel Rojas,0,5,0,0,0,0,0,0,0,0,0,0,0,0
Amed Rosario,0,4,0,0,0,0,0,1,0,0,0,0,0,0
Eddie Rosario,1,4,1,1,2,0,0,1,0,0,0,0,0,0
Darin Ruf,0,2,0,0,0,0,0,0,0,0,0,0,0,0
Pablo Sandoval,0,0,0,0,0,0,1,0,0,0,0,0,0,0
Carlos Santana,0,3,0,0,0,0,1,1,0,0,0,0,0,0
Jonathan Schoop,1,5,1,0,0,0,0,4,0,0,0,0,0,0
Kyle Schwarber,2,5,0,0,1,0,0,1,0,0,0,0,1,0
Marcus Semien,1,4,0,0,0,0,0,1,0,0,0,0,0,0
Nick Senzel,0,4,0,0,0,0,0,1,0,0,0,0,0,0
Travis Shaw,0,3,0,0,0,0,1,0,0,0,0,0,0,0
Magneuris Sierra,0,1,0,0,0,0,0,0,0,0,0,0,0,0
Austin Slater,0,2,0,0,0,0,2,2,0,0,0,0,0,0
Pavin Smith,0,1,0,0,0,0,0,0,0,0,0,0,0,0
Eric Sogard,0,1,0,0,0,0,0,0,0,0,0,0,0,0
Nick Solak,0,3,0,0,0,0,0,2,0,0,0,0,0,0
Donovan Solano,1,3,0,0,0,0,0,1,1,0,0,0,0,0
Jorge Soler,1,4,0,0,2,0,0,3,0,0,0,0,0,0
Juan Soto,3,4,1,0,1,0,1,1,0,0,0,0,0,0
Jacob Stallings,1,4,0,0,0,0,0,1,0,0,0,0,1,0
Giancarlo Stanton,0,4,0,0,0,0,0,1,0,0,0,0,0,0
Max Stassi,1,2,1,0,0,0,0,0,0,0,0,0,0,0
Andrew Stevenson,1,1,1,1,1,0,0,0,0,0,0,0,0,0
Myles Straw,0,3,0,0,0,0,0,0,0,0,0,0,0,0
Eugenio Suárez,1,3,0,0,0,0,0,1,1,0,0,1,1,0
Kurt Suzuki,1,2,1,0,0,0,0,0,0,0,0,0,1,0
Dansby Swanson,1,5,0,0,0,0,0,1,0,0,0,0,1,0
Mike Tauchman,1,3,0,0,0,0,0,1,0,0,0,0,0,0
Leody Taveras,1,3,0,0,0,0,0,2,0,0,0,0,0,0
Michael A.,0,3,0,0,0,0,1,1,0,0,0,1,0,0
Anderson Tejeda,0,3,0,0,0,0,0,2,0,0,0,0,0,0
Rowdy Tellez,1,4,0,0,0,0,0,1,0,0,0,0,0,0
Lane Thomas,1,1,0,0,0,0,0,0,0,0,0,0,0,0
Ka'ai Tom,0,1,0,0,0,0,0,0,0,0,0,0,0,0
Gleyber Torres,0,3,0,0,0,0,1,1,0,0,0,0,0,0
Jose Trevino,1,3,0,0,0,0,0,1,0,0,0,0,0,0
Mike Trout,1,4,1,1,2,0,1,1,0,0,0,0,0,0
Yoshi Tsutsugo,0,4,0,0,0,0,0,3,0,0,0,0,0,0
Kyle Tucker,2,3,0,0,0,0,0,0,1,0,0,0,1,0
Trea Turner,0,5,0,0,0,0,0,2,0,0,0,0,0,0
Justin Upton,1,4,1,0,0,0,1,2,0,0,0,0,0,0
Luis Urías,1,2,1,0,3,0,0,1,0,0,0,0,1,0
Gio Urshela,0,3,0,0,0,1,1,0,0,0,0,0,0,0
Josh VanMeter,1,3,1,0,0,0,0,1,0,0,0,0,0,1
Daniel Vogelbach,0,2,0,0,0,0,0,1,0,0,0,0,0,0
Stephen Vogt,0,4,0,0,0,0,0,0,0,0,0,0,0,0
Joey Votto,1,4,1,1,1,0,0,1,0,0,0,0,0,0
LaMonte Wade_Jr.,0,1,0,0,0,0,0,1,0,0,0,0,0,0
Chad Wallach,0,4,0,0,0,0,0,3,0,0,0,0,0,0
Jared Walsh,1,4,1,0,0,0,1,2,0,0,0,0,0,0
Joey Wendle,0,3,0,0,0,0,0,0,0,0,0,0,0,0
Eli White,1,3,0,0,0,0,0,1,0,0,1,0,0,0
Justin Williams,1,2,0,0,0,0,1,0,0,0,0,0,0,0
Nick Williams,0,2,1,0,0,0,1,0,1,0,0,0,0,0
Jesse Winker,2,4,1,1,2,0,0,0,0,0,0,0,0,0
Mike Yastrzemski,0,1,0,0,0,0,0,0,0,0,0,0,0,0
Andrew Young,0,0,0,0,0,0,1,0,0,0,0,0,0,0
Ryan Zimmerman,0,1,0,0,0,0,0,0,0,0,0,0,0,0
