José Abreu,1,3,0,0,0,0,1,1,0,0,0,0,0,0
Ronald Acuña_Jr.,1,4,2,0,0,0,1,1,0,0,0,0,0,0
Willy Adames,0,4,0,0,0,0,0,1,0,0,0,0,0,0
Ehire Adrianza,0,3,0,0,0,0,0,0,0,0,0,0,0,0
Jesús Aguilar,2,4,1,0,0,0,2,0,0,0,0,0,0,0
Nick Ahmed,0,4,0,0,0,0,0,0,0,0,0,1,0,0
Ozzie Albies,2,4,1,1,1,0,1,1,0,0,0,0,1,0
Jorge Alfaro,0,5,0,0,0,0,0,3,0,0,0,0,0,0
Anthony Alford,0,4,0,0,0,0,0,3,1,0,0,0,0,0
Albert Almora_Jr.,0,0,0,0,0,0,0,0,0,0,0,0,0,0
Pete Alonso,1,4,0,0,1,0,0,2,0,0,0,0,0,0
Pete Alonso,1,3,0,0,0,0,0,0,0,0,0,0,1,0
Jose Altuve,1,4,0,0,0,0,0,1,0,0,0,0,0,0
Yordan Alvarez,2,4,1,0,0,0,0,0,0,0,0,0,0,0
Brian Anderson,3,5,1,1,3,0,0,0,0,0,0,0,0,0
Elvis Andrus,0,4,0,0,0,0,0,2,0,0,0,0,0,0
Aristides Aquino,0,1,0,0,0,0,0,1,0,0,0,0,0,0
Nolan Arenado,2,3,2,1,3,0,1,0,0,0,0,1,0,0
Randy Arozarena,2,3,2,0,0,0,0,0,1,0,0,0,0,0
Luis Arraez,0,3,0,0,1,0,1,0,0,0,0,0,0,0
Christian Arroyo,2,3,2,0,0,0,0,0,0,0,0,0,1,0
Willians Astudillo,1,4,0,0,0,0,0,0,0,0,0,0,0,0
Alex Avila,0,3,0,0,0,0,1,2,0,0,0,0,0,0
Akil Baddoo,2,4,1,1,1,0,0,2,0,0,0,0,0,0
Javier Báez,0,4,0,0,0,0,0,1,0,0,0,0,0,0
Tucker Barnhart,0,2,0,0,0,0,0,1,0,0,0,0,0,0
Jake Bauers,0,3,0,0,0,0,0,3,0,0,0,0,0,0
Matt Beaty,0,1,0,0,0,0,0,0,0,0,0,0,0,0
Josh Bell,0,3,1,0,0,0,1,1,0,0,0,0,0,0
Brandon Belt,0,2,0,0,0,0,0,1,0,0,0,0,0,0
Andrew Benintendi,1,3,1,0,0,1,1,0,0,0,0,0,0,0
Jon Berti,1,5,0,0,2,0,0,1,0,0,0,0,1,0
Mookie Betts,1,5,1,1,1,0,0,1,0,0,0,0,0,0
Bo Bichette,2,4,2,0,1,0,0,0,0,1,0,0,1,0
Cavan Biggio,2,4,0,0,0,0,0,2,0,0,0,1,0,0
Braden Bishop,0,1,0,0,0,0,0,1,0,0,0,0,0,0
Charlie Blackmon,0,2,0,0,0,0,1,1,0,0,0,0,0,0
Alex Blandino,1,1,0,0,1,0,0,0,0,0,0,0,0,0
Xander Bogaerts,1,4,0,0,0,0,0,1,0,0,0,1,0,0
Alec Bohm,1,3,1,0,0,0,1,1,0,0,0,0,1,0
Alec Bohm,1,3,0,0,0,0,0,0,0,0,0,0,0,0
David Bote,1,1,0,0,0,0,0,0,0,0,0,0,0,0
Jackie Bradley Jr,1,3,0,0,0,0,0,1,1,0,0,0,0,0
Michael Brantley,0,3,0,0,0,0,0,0,0,0,0,0,0,0
Alex Bregman,1,3,0,0,0,0,0,2,0,0,0,0,0,0
Mike Brosseau,0,1,0,0,0,0,0,0,0,0,0,0,0,0
Seth Brown,1,5,1,1,1,0,0,1,0,0,0,0,0,0
Jay Bruce,1,3,0,0,0,0,0,1,0,0,0,0,1,0
Kris Bryant,0,3,0,0,1,0,0,0,0,1,0,0,0,0
Byron Buxton,2,5,1,0,0,0,0,1,0,0,0,0,1,0
Asdrúbal Cabrera,2,4,1,0,1,0,0,0,0,0,0,0,1,0
Lorenzo Cain,0,1,0,0,0,0,0,0,0,0,0,0,0,0
Kole Calhoun,1,5,1,0,0,0,0,3,0,0,0,0,0,0
Luis Campusano,0,4,0,0,0,0,1,0,0,0,0,0,0,0
Jeimer Candelario,2,4,2,0,0,0,1,0,0,0,0,0,1,0
Mark Canha,1,4,1,0,1,0,1,1,0,0,0,0,0,0
Victor Caratini,0,1,0,0,0,0,0,1,0,0,0,0,0,0
Dylan Carlson,3,4,2,0,0,0,1,1,0,0,0,0,0,0
Matt Carpenter,1,4,2,1,3,0,0,1,0,1,0,0,0,0
Curt Casali,0,1,0,0,0,0,0,1,0,0,0,0,0,0
Nick Castellanos,2,4,1,0,1,0,0,1,0,0,0,0,1,0
Harold Castro,0,0,0,0,0,0,1,0,0,0,0,0,0,0
Jason Castro,0,2,0,0,0,0,2,1,0,0,0,0,0,0
Starlin Castro,0,4,0,0,0,0,0,1,0,0,0,1,0,0
Willi Castro,0,5,0,0,0,0,0,2,0,0,0,0,0,0
Jake Cave,1,4,0,0,0,0,0,1,0,0,0,0,0,0
Yu Chang,0,1,0,0,0,0,0,0,0,0,0,0,0,0
Matt Chapman,1,5,0,0,1,0,0,3,0,0,0,0,0,1
Michael Conforto,0,2,0,0,0,0,1,0,1,0,0,0,0,0
Willson Contreras,1,3,2,1,2,0,0,0,1,0,0,1,0,0
Garrett Cooper,1,5,2,0,0,0,0,1,1,0,0,0,0,0
Carlos Correa,0,4,0,0,0,0,0,0,0,0,0,1,0,0
Brandon Crawford,1,3,1,1,2,0,1,2,0,0,0,0,0,0
J.P. Crawford,2,3,0,0,0,0,0,1,0,0,0,0,0,0
J.P. Crawford,1,3,1,0,0,0,0,0,0,0,0,0,0,0
C.J. Cron,0,2,0,0,0,0,1,0,0,0,0,0,0,0
Jake Cronenworth,2,5,1,0,0,0,0,0,0,0,0,0,1,0
Charlie Culberson,3,4,1,1,3,1,0,1,0,0,0,0,1,0
Travis d'Arnaud,1,5,0,0,1,0,0,4,0,0,0,0,0,0
David Dahl,0,5,0,0,0,0,0,1,0,0,0,0,0,0
Bobby Dalbec,2,3,0,0,2,0,0,0,0,0,0,0,2,0
Jonathan Davis,0,0,0,0,0,0,0,0,0,0,0,0,0,0
Yonathan Daza,0,1,0,0,0,0,0,1,0,0,0,0,0,0
Austin Dean,0,1,0,0,1,0,0,1,0,1,0,0,0,0
Paul DeJong,1,4,2,0,0,0,1,2,0,0,0,0,0,0
Rafael Devers,1,3,1,1,1,0,1,1,0,0,0,1,0,0
Aledmys Díaz,0,1,0,0,0,0,0,1,0,0,0,0,0,0
Elias Díaz,0,3,0,0,0,0,0,1,0,0,0,0,0,0
Yandy Díaz,2,3,0,0,1,0,1,0,0,0,0,0,0,0
Alex Dickerson,0,3,0,0,0,0,0,1,0,0,0,0,0,0
Corey Dickerson,0,1,0,0,0,0,0,0,0,0,0,0,0,0
Wilmer Difo,0,5,0,0,0,0,0,4,0,0,0,0,0,0
Hunter Dozier,0,3,0,0,0,0,0,2,0,0,0,0,0,0
Mauricio Dubón,0,1,0,0,0,0,0,0,0,0,0,0,0,0
Adam Duvall,4,5,4,2,7,0,0,1,0,0,0,1,1,0
Jarrod Dyson,0,3,0,0,0,0,0,0,0,0,0,0,0,0
Adam Eaton,1,3,0,0,0,0,0,1,1,0,0,0,0,0
Tommy Edman,2,5,2,0,0,0,1,0,0,0,0,0,0,0
Eduardo Escobar,2,4,1,0,0,0,0,0,0,0,0,0,0,0
Phillip Evans,0,2,2,0,0,0,1,0,2,0,0,0,0,0
Kyle Farmer,0,0,0,0,0,0,0,0,0,0,0,0,0,0
David Fletcher,1,5,0,0,0,0,0,0,0,0,0,0,0,0
Wilmer Flores,0,1,0,0,1,0,0,0,0,1,0,0,0,0
Dustin Fowler,0,1,0,0,0,0,0,0,0,0,0,0,0,0
Ty France,1,4,1,1,1,0,0,1,0,0,0,0,0,0
Ty France,0,3,1,0,0,0,1,1,0,0,0,1,0,0
Maikel Franco,0,3,0,0,0,0,0,1,0,0,0,0,0,0
Maikel Franco,1,3,1,0,3,0,1,0,0,0,0,0,1,0
Adam Frazier,1,2,1,0,0,0,2,0,1,0,0,0,0,0
Clint Frazier,1,3,1,0,0,0,0,1,0,0,0,0,0,0
Freddie Freeman,2,4,2,0,1,0,0,1,1,0,0,0,1,0
Josh Fuentes,0,3,0,0,0,0,0,1,0,0,0,0,0,0
Joey Gallo,2,5,0,0,1,0,0,3,0,0,0,0,0,0
Freddy Galvis,0,3,0,0,0,0,0,1,0,0,0,0,0,0
Freddy Galvis,1,2,2,0,0,0,1,0,0,0,0,0,0,0
Ben Gamel,0,4,0,0,0,0,0,3,0,0,0,0,0,0
Adolis García,1,4,1,0,0,0,0,1,0,0,0,0,0,0
Aramis Garcia,2,4,1,0,0,0,0,2,0,0,0,0,0,0
Avisaíl García,0,4,0,0,0,0,0,0,0,0,0,0,0,0
Leury García,0,0,0,0,0,0,0,0,0,0,0,0,0,0
Robel García,0,0,0,0,0,0,1,0,0,0,0,0,0,0
Kyle Garlick,0,2,1,0,0,0,0,1,1,0,0,0,0,0
Mitch Garver,0,4,0,0,0,0,1,1,0,0,0,0,0,0
Andrés Giménez,0,2,0,0,0,0,0,1,0,0,0,0,0,0
Paul Goldschmidt,2,4,2,1,3,0,0,0,0,0,0,0,0,0
Erik González,3,5,1,0,2,0,0,0,0,0,0,0,1,0
Yasmani Grandal,0,4,0,0,0,0,0,0,0,0,0,0,0,0
Didi Gregorius,2,4,0,0,1,1,0,1,0,0,0,0,0,0
Didi Gregorius,1,3,0,0,0,0,0,1,0,0,0,0,0,0
Randal Grichuk,1,3,1,0,1,0,0,0,0,1,0,0,0,0
Trent Grisham,1,4,3,1,1,0,2,2,0,0,0,0,0,0
Robbie Grossman,0,5,0,0,0,0,0,3,0,0,0,0,0,0
Vladim Guerrero_Jr.,2,4,0,0,1,0,1,1,0,0,0,0,1,0
Luis Guillorme,1,1,0,0,0,0,2,0,0,0,0,0,0,0
Yuli Gurriel,2,4,1,0,0,0,0,0,0,0,0,0,0,0
Lourdes Gurriel_Jr.,0,3,1,0,0,0,0,1,1,0,0,0,0,0
Sam Haggerty,2,3,2,1,2,0,0,0,0,0,0,0,0,0
Garrett Hampson,2,4,0,0,0,0,0,1,0,0,0,0,0,0
Mitch Haniger,1,4,1,0,1,0,0,0,0,0,0,0,0,0
Mitch Haniger,3,4,1,0,0,0,0,0,0,0,0,0,1,0
Ian Happ,1,4,1,0,0,0,0,1,0,0,0,0,0,0
Bryce Harper,1,3,0,0,0,0,1,0,0,0,0,0,0,0
Bryce Harper,0,3,0,0,0,0,0,1,0,0,0,0,0,0
Josh Harrison,3,4,0,0,2,0,0,0,0,0,0,0,1,0
Adam Haseley,0,0,0,0,0,0,0,0,0,0,0,0,0,0
Adam Haseley,0,2,0,0,0,0,0,0,0,0,0,0,0,0
Cesar Hernandez,0,4,0,0,0,0,1,0,0,0,0,0,0,0
Kiké Hernández,0,4,0,0,0,0,0,1,0,0,0,0,0,0
Jason Heyward,1,4,0,0,0,0,0,2,0,0,0,0,0,0
Aaron Hicks,3,4,0,0,0,0,0,1,0,0,0,0,1,0
Keston Hiura,0,3,0,0,0,0,1,1,0,0,0,0,0,0
Rhys Hoskins,0,3,1,0,0,0,1,3,0,0,0,0,0,0
Rhys Hoskins,0,3,0,0,0,0,0,0,0,0,0,0,0,0
Eric Hosmer,1,3,0,0,1,1,2,0,0,0,0,0,0,0
José Iglesias,2,4,0,0,0,0,0,0,0,0,0,0,0,0
Ender Inciarte,0,2,0,0,0,0,1,0,0,0,0,0,0,0
Jonathan India,1,3,1,0,0,0,1,1,0,0,0,0,0,0
Alex Jackson,0,1,0,0,0,0,0,0,0,0,0,0,0,0
Danny Jansen,0,3,0,0,0,0,1,2,0,0,0,0,0,0
Jon Jay,1,4,0,0,0,0,0,2,0,0,0,0,0,0
Matt Joyce,0,1,0,0,0,0,0,0,0,0,0,0,0,0
Matt Joyce,1,3,0,0,0,0,0,0,0,0,0,0,0,0
Aaron Judge,0,4,0,0,0,0,0,1,0,0,0,0,0,0
Carson Kelly,1,3,1,1,3,0,1,1,0,0,0,0,0,0
Tony Kemp,0,1,0,0,0,0,0,0,0,0,0,0,0,0
Max Kepler,0,1,0,0,0,1,1,0,0,0,0,0,0,0
Ha-Seong Kim,0,1,0,0,0,0,0,1,0,0,0,0,0,0
Isiah Kiner-Falefa,2,5,1,0,1,1,0,0,0,0,0,0,0,0
Andrew Knapp,0,2,0,0,1,0,0,2,0,1,0,0,0,0
Andrew Knizner,1,3,1,0,0,0,2,0,0,0,0,0,0,0
Tommy La Stella,3,3,1,0,0,0,0,0,0,0,0,0,1,0
Jake Lamb,0,4,0,0,0,0,0,2,0,0,0,0,0,0
Ramón Laureano,1,5,1,0,0,1,0,2,0,0,0,0,0,0
DJ LeMahieu,2,3,1,0,0,0,1,1,0,0,0,0,1,0
Francisco Lindor,0,3,1,0,0,0,1,0,0,0,0,0,0,0
Francisco Lindor,1,3,0,0,0,0,1,0,0,0,0,0,1,0
Tim Locastro,1,4,0,0,0,1,1,0,0,0,0,0,0,0
Evan Longoria,2,4,2,1,1,0,0,1,0,0,0,0,0,0
Nicky Lopez,0,3,0,0,0,0,0,1,0,0,0,0,0,0
Brandon Lowe,2,4,0,0,0,0,0,1,0,0,0,0,0,0
Nate Lowe,1,4,1,0,0,0,1,2,0,0,0,0,0,0
Jed Lowrie,2,4,1,1,3,0,1,1,0,0,0,0,0,0
Jordan Luplow,0,1,0,0,0,0,0,1,0,0,0,0,0,0
Gavin Lux,1,4,0,0,1,0,0,2,0,0,0,0,0,0
Manny Machado,1,3,0,0,0,1,2,1,0,0,0,1,0,0
Nick Madrigal,0,3,0,0,0,0,0,0,0,0,0,0,0,0
Martín Maldonado,0,1,0,0,0,0,0,1,0,0,0,0,0,0
Trey Mancini,0,4,0,0,0,0,0,0,0,0,0,0,0,0
Trey Mancini,0,3,0,0,0,0,1,1,0,0,0,0,0,0
Tucupita Marcano,0,1,0,0,0,0,0,0,0,0,0,0,0,0
Manuel Margot,0,1,0,0,0,0,0,0,0,0,0,0,0,0
Jake Marisnick,0,1,0,0,0,0,0,1,0,0,0,0,0,0
José Marmolejos,0,1,0,0,0,0,0,1,0,0,0,0,0,0
José Marmolejos,2,4,1,1,3,0,0,1,0,0,0,0,1,0
Starling Marte,2,4,3,0,1,0,1,1,1,0,0,0,0,0
J.D. Martinez,0,4,0,0,0,0,0,0,0,0,0,0,0,0
Jorge Mateo,0,0,0,0,0,0,1,0,2,0,0,0,0,0
Wyatt Mathisen,0,3,0,0,0,0,1,2,0,0,0,0,0,0
Jack Mayfield,0,3,0,0,0,0,0,2,0,0,0,0,0,0
Nomar Mazara,2,4,1,1,2,0,1,0,0,0,0,0,0,0
James McCann,1,4,0,0,0,0,0,0,0,0,0,0,0,0
Chas McCormick,0,1,0,0,1,0,0,0,0,1,0,0,0,0
Andrew McCutchen,0,4,1,0,0,0,0,3,0,0,0,0,0,0
Ryan McKenna,0,0,0,0,0,0,0,0,0,0,0,0,0,0
Ryan McKenna,0,1,0,0,0,0,0,0,0,0,0,0,0,0
Billy McKinney,0,3,0,0,0,0,0,1,0,0,0,0,0,0
Zach McKinstry,0,1,0,0,0,0,0,0,0,0,0,0,0,0
Ryan McMahon,0,4,0,0,0,0,0,1,0,0,0,0,0,0
Jeff McNeil,1,4,1,0,0,0,0,0,0,0,0,0,0,0
Jeff McNeil,1,3,1,0,0,0,0,0,0,0,0,0,0,0
Austin Meadows,0,3,0,0,0,0,1,0,0,0,0,0,0,0
Danny Mendick,1,2,0,0,0,0,0,1,0,0,0,0,0,0
Yermín Mercedes,0,1,0,0,0,0,0,0,0,0,0,0,0,0
Jordy Mercer,0,2,0,0,0,0,0,0,0,0,0,0,0,0
Whit Merrifield,2,4,2,0,0,2,0,1,0,0,0,0,0,0
Brad Miller,0,0,0,0,0,0,1,0,0,0,0,0,0,0
Brad Miller,1,1,0,0,0,0,0,0,0,0,0,0,0,0
Yoán Moncada,0,4,0,0,0,0,0,3,0,0,0,0,0,0
Dylan Moore,0,2,0,0,0,0,0,1,0,0,0,0,0,0
Dylan Moore,0,3,0,0,0,0,0,0,0,0,0,0,0,0
Colin Moran,1,1,0,0,1,0,0,0,0,0,0,0,0,0
Mitch Moreland,1,1,1,0,0,0,0,0,0,0,0,0,0,0
Ryan Mountcastle,1,3,1,0,0,0,0,1,0,0,0,0,1,0
Ryan Mountcastle,2,3,0,0,1,1,0,0,0,0,0,0,1,0
Mike Moustakas,1,4,1,1,2,0,0,2,0,0,0,0,0,0
Cedric Mullins,1,3,0,0,0,0,1,0,0,0,0,0,0,0
Cedric Mullins,1,3,0,0,1,0,1,1,0,0,1,0,1,0
Max Muncy,2,3,1,1,2,0,1,0,0,0,0,0,1,0
Tom Murphy,1,3,1,1,1,0,0,0,0,0,0,0,0,0
Wil Myers,0,1,0,0,0,0,1,0,0,0,0,0,0,0
Omar Narváez,0,1,0,0,0,0,0,0,0,0,0,0,0,0
Josh Naylor,1,4,1,0,0,0,0,0,0,0,0,0,0,0
Kevin Newman,2,5,1,0,1,0,0,0,0,0,0,0,1,0
Tomás Nido,1,2,1,0,0,0,0,1,1,0,0,0,0,1
Brandon Nimmo,0,2,1,0,0,0,2,2,0,0,0,0,0,0
Brandon Nimmo,3,4,0,0,3,0,0,1,0,0,0,0,0,0
John Nogowski,0,1,0,0,0,0,0,0,0,0,0,0,0,0
Renato Núñez,1,3,1,1,2,0,0,1,0,0,0,0,0,0
Rougned Odor,0,4,0,0,1,0,0,1,0,0,0,0,0,0
Shohei Ohtani,3,5,1,1,1,0,0,0,0,0,0,0,0,0
Marcell Ozuna,3,4,2,1,3,0,1,0,0,0,0,0,0,0
Cristian Pache,0,2,0,0,0,0,0,2,0,0,0,0,0,0
Josh Palacios,1,3,1,0,2,0,1,1,0,0,0,0,0,0
Joc Pederson,0,3,0,0,0,0,0,2,0,0,0,0,0,0
David Peralta,0,3,1,0,1,0,1,1,0,0,0,0,0,0
Hernán Pérez,0,1,0,0,0,0,0,0,0,0,0,0,0,0
Roberto Pérez,1,3,0,0,1,0,1,0,0,0,0,0,0,0
Salvador Perez,2,4,0,0,1,0,0,1,0,0,0,0,1,0
Jace Peterson,0,1,0,0,0,0,0,0,0,0,0,0,0,0
Tommy Pham,0,2,0,0,0,0,2,0,1,0,0,0,0,0
Brett Phillips,0,4,0,0,0,0,0,2,0,0,0,0,0,0
Kevin Pillar,0,0,0,0,0,0,0,0,1,0,0,0,0,0
Kevin Pillar,1,3,1,0,0,0,0,1,0,0,0,0,0,0
Stephen Piscotty,2,4,1,1,1,0,0,1,0,0,0,0,0,0
Manny Piña,0,3,1,0,0,0,0,0,0,0,0,0,0,0
Jorge Polanco,0,2,0,0,1,0,0,0,1,1,0,0,0,0
AJ Pollock,1,4,0,0,0,0,0,0,0,0,0,0,0,0
Buster Posey,1,4,1,0,0,0,0,2,0,0,0,0,0,0
Jurickson Profar,1,3,0,0,1,1,2,0,0,0,0,1,0,0
Albert Pujols,2,4,0,0,0,0,1,0,0,0,0,0,0,0
Roman Quinn,0,1,0,0,0,0,1,1,0,0,1,0,0,0
Luke Raley,0,0,0,0,0,0,0,0,0,0,0,0,0,0
José Ramírez,0,4,0,0,0,0,0,2,0,0,0,0,0,0
Wilson Ramos,2,5,2,2,3,0,0,1,0,0,0,0,0,0
J.T. Realmuto,0,1,0,0,0,0,0,1,0,0,0,0,0,0
J.T. Realmuto,1,3,0,0,0,0,0,0,0,0,0,0,0,0
Hunter Renfroe,1,4,1,1,1,0,0,1,0,0,0,0,0,0
Franmil Reyes,0,4,1,0,0,0,0,2,0,0,0,0,0,0
Victor Reyes,1,3,0,0,0,0,1,2,0,0,0,0,1,0
Bryan Reynolds,2,5,2,0,1,0,0,0,0,0,0,0,0,0
Austin Riley,1,2,0,0,0,0,0,0,0,0,0,0,0,0
Edwin Ríos,1,3,0,0,0,0,1,0,0,0,0,0,0,0
Anthony Rizzo,2,3,0,0,0,1,1,0,0,0,0,0,0,0
Luis Robert,0,4,0,0,0,0,0,1,0,0,0,0,0,0
Daniel Robertson,0,3,0,0,0,0,0,1,0,0,0,0,0,0
Victor Robles,0,3,0,0,0,0,0,2,1,0,0,0,0,0
José Rojas,0,1,0,0,0,0,0,0,0,0,0,0,0,0
Miguel Rojas,3,6,2,0,1,0,0,1,0,0,0,0,2,0
Amed Rosario,1,1,0,0,1,0,0,0,0,0,0,0,1,0
Eddie Rosario,2,4,0,0,0,0,0,0,0,0,0,0,1,0
Darin Ruf,0,1,0,0,0,0,0,1,0,0,0,0,0,0
Rio Ruiz,0,0,0,0,0,0,1,0,0,0,0,0,0,0
Rio Ruiz,0,0,1,0,0,0,0,0,0,0,0,0,0,0
Miguel Sanó,0,2,0,0,0,0,2,0,0,0,0,0,0,0
Gary Sánchez,0,3,1,0,0,0,1,1,0,0,0,0,0,0
Pablo Sandoval,0,1,0,0,0,0,0,0,0,0,0,0,0,0
Carlos Santana,0,3,0,0,2,0,0,0,0,1,0,0,0,0
Anthony Santander,1,4,0,0,0,0,0,1,0,0,0,0,0,0
Anthony Santander,1,2,1,0,1,0,0,0,1,1,0,0,0,0
Jonathan Schoop,1,4,1,0,0,0,0,1,0,0,0,0,0,0
Kyle Schwarber,2,4,1,0,0,0,0,0,0,0,0,0,1,0
Corey Seager,2,3,3,1,1,0,1,0,0,0,0,0,1,0
Kyle Seager,2,3,0,0,1,0,1,1,0,0,0,0,1,0
Kyle Seager,0,3,0,0,1,0,0,1,0,1,0,0,0,0
Jean Segura,2,4,0,0,1,0,0,1,0,0,0,0,0,0
Jean Segura,1,3,0,0,0,0,0,0,0,0,0,0,0,0
Marcus Semien,1,4,1,1,1,0,1,1,0,0,0,0,0,0
Nick Senzel,0,4,0,0,0,0,0,0,0,0,0,0,0,0
Pedro Severino,0,3,0,0,0,0,0,1,0,0,0,0,0,0
Travis Shaw,1,3,0,0,0,0,0,0,1,0,0,0,0,0
Magneuris Sierra,0,1,0,0,0,0,0,0,0,0,0,0,0,0
Andrelton Simmons,1,4,0,0,0,0,0,0,0,0,0,0,0,0
Chance Sisco,1,3,1,0,0,0,0,1,0,0,0,0,0,0
Austin Slater,2,2,0,0,1,0,0,0,0,0,0,0,0,1
Dominic Smith,1,4,1,1,2,0,0,1,0,0,0,0,0,0
Dominic Smith,0,4,0,0,0,0,0,2,0,0,0,0,0,0
Will Smith,0,3,1,0,0,0,1,1,0,0,0,0,0,0
Eric Sogard,0,3,0,0,0,0,0,2,0,0,0,0,0,0
Nick Solak,2,4,2,0,3,0,0,0,0,0,0,1,1,0
Donovan Solano,0,0,1,0,0,0,2,0,0,0,0,0,0,0
Jorge Soler,0,2,0,0,0,0,1,0,0,0,0,0,0,0
Edmundo Sosa,0,1,0,0,0,0,0,0,0,0,0,0,0,0
Juan Soto,1,3,0,0,1,0,0,1,0,0,0,1,1,0
Jacob Stallings,3,4,1,0,3,0,1,1,0,0,0,0,1,0
Giancarlo Stanton,1,4,0,0,2,0,0,0,0,0,0,0,0,0
Tyler Stephenson,0,2,0,0,0,0,0,1,0,0,0,0,0,0
Andrew Stevenson,0,1,0,0,0,0,0,0,0,0,0,0,0,0
DJ Stewart,1,2,1,0,1,0,1,1,0,0,0,0,0,0
DJ Stewart,0,4,1,0,0,0,0,2,0,0,0,0,0,0
Trevor Story,0,3,0,0,0,0,0,2,0,0,0,1,0,0
Myles Straw,1,2,0,0,1,1,0,0,0,0,0,0,0,0
Eugenio Suárez,1,3,1,0,0,0,1,1,0,0,0,0,1,0
Kurt Suzuki,2,2,0,0,1,0,1,0,0,1,0,1,0,0
Dansby Swanson,0,5,0,0,0,0,0,2,0,0,0,0,0,0
Raimel Tapia,0,3,0,0,0,0,0,2,0,0,0,0,0,0
Chris Taylor,2,5,1,1,1,0,0,1,0,0,0,0,0,0
Michael A.,0,3,0,0,0,0,0,1,0,0,0,0,0,0
Rowdy Tellez,1,4,1,1,1,0,0,1,0,0,0,0,0,0
Lane Thomas,0,1,0,0,0,0,0,1,0,0,0,0,0,0
Ka'ai Tom,0,1,0,0,0,0,0,1,0,0,0,0,0,0
Luis Torrens,0,4,0,0,0,0,0,1,0,0,0,0,0,0
Luis Torrens,0,3,0,0,0,0,0,1,0,0,0,1,0,0
Taylor Trammell,0,3,0,0,0,0,0,2,0,0,0,0,0,0
Taylor Trammell,0,2,0,0,0,0,1,2,0,0,0,0,0,0
Alan Trejo,0,1,0,0,0,0,0,0,0,0,0,0,0,0
Jose Trevino,2,5,1,0,0,0,0,1,0,0,0,0,0,0
Mike Trout,1,5,0,0,0,0,0,4,0,0,0,0,0,0
Yoshi Tsutsugo,0,3,0,0,0,0,0,0,0,0,0,0,0,0
Kyle Tucker,1,4,0,0,0,0,0,0,0,0,0,0,1,0
Trea Turner,0,3,1,0,0,0,0,2,0,0,0,0,0,0
Luis Urías,1,1,1,1,2,0,3,0,0,0,0,0,0,0
Ramón Urías,1,2,1,1,2,0,0,0,0,0,0,0,0,0
Ramón Urías,1,4,0,0,1,0,0,1,0,0,0,0,0,0
Gio Urshela,0,4,0,0,0,0,0,1,0,0,0,1,0,0
Josh VanMeter,0,1,0,0,0,0,0,0,0,0,0,0,0,0
Ildemaro Vargas,0,1,0,0,0,0,0,0,0,0,0,0,0,0
Christian Vázquez,0,4,0,0,0,0,0,1,0,0,0,0,0,0
Alex Verdugo,0,3,0,0,0,0,1,0,0,0,0,0,0,0
Jonathan Villar,1,1,0,0,1,0,0,0,0,0,0,0,0,0
Jonathan Villar,1,3,1,0,1,0,0,1,0,0,0,0,1,0
Daniel Vogelbach,0,1,0,0,0,0,0,0,0,0,0,0,0,0
Joey Votto,1,4,1,1,2,0,0,2,0,0,0,0,0,0
LaMonte Wade_Jr.,0,2,0,0,0,0,0,1,0,0,0,0,0,0
Jared Walsh,0,4,1,0,0,0,0,1,0,0,0,0,0,0
Joey Wendle,1,3,1,0,1,0,0,0,0,0,0,0,1,0
Eli White,0,3,1,0,0,0,1,0,0,0,0,0,0,0
Evan White,0,2,1,0,0,0,1,1,0,0,0,0,0,0
Justin Williams,2,4,1,0,3,0,1,1,0,0,0,0,0,0
Nick Williams,0,4,0,0,0,0,0,3,0,0,0,0,0,0
Jesse Winker,0,3,1,0,0,0,1,1,0,0,0,0,0,0
Mike Yastrzemski,2,4,1,1,2,0,1,1,0,0,0,0,0,0
Mike Zunino,0,4,0,0,0,0,0,2,0,0,0,0,0,0
