José Abreu,0,3,0,0,0,0,2,2,0,0,0,0,0,0
Ronald Acuña_Jr.,3,5,3,2,4,0,0,1,0,0,0,0,1,0
Willy Adames,0,3,0,0,0,0,0,2,0,0,0,0,0,0
Ehire Adrianza,0,1,1,0,0,0,0,0,0,0,0,0,0,0
Jesús Aguilar,2,5,1,0,2,0,0,0,0,0,0,0,1,0
Ozzie Albies,0,1,0,0,0,0,3,0,0,0,0,0,0,0
Jorge Alfaro,1,4,0,0,0,0,0,3,0,0,0,0,0,0
Pete Alonso,0,3,0,0,1,0,0,1,0,1,0,0,0,0
Brian Anderson,0,4,1,0,0,0,1,1,0,0,0,0,0,0
Nolan Arenado,1,4,0,0,0,0,0,0,0,0,0,0,1,0
Randy Arozarena,0,4,0,0,0,0,0,2,0,0,0,0,0,0
Luis Arraez,0,4,0,0,0,0,0,0,0,0,0,0,0,0
Luis Arraez,0,3,0,0,0,0,0,0,0,0,0,0,0,0
Christian Arroyo,2,4,0,0,1,0,0,1,0,0,0,0,1,0
Christian Arroyo,0,1,0,0,0,0,0,1,0,0,0,0,0,0
Willians Astudillo,0,3,0,0,0,0,0,0,0,0,0,0,0,0
Akil Baddoo,1,4,1,0,1,0,0,2,0,0,0,0,1,0
Javier Báez,0,4,0,0,0,0,0,3,0,0,0,0,0,0
Austin Barnes,1,4,0,0,0,0,0,0,0,0,0,0,0,0
Jake Bauers,0,1,0,0,0,0,0,1,0,0,0,0,0,0
Matt Beaty,1,3,0,0,0,0,0,1,0,0,0,0,0,0
Brandon Belt,1,4,0,0,0,0,0,1,0,0,1,0,0,0
Anthony Bemboom,1,4,0,0,0,0,0,3,0,0,0,2,0,0
Andrew Benintendi,2,5,0,0,0,1,0,3,0,0,0,0,1,0
Jon Berti,0,0,0,0,0,0,1,0,0,0,0,0,0,0
Mookie Betts,1,3,1,0,0,0,2,1,0,0,0,0,0,0
Bo Bichette,3,5,2,2,2,1,0,0,0,0,0,0,0,0
Cavan Biggio,1,3,0,0,0,0,1,2,0,0,0,0,0,1
Charlie Blackmon,0,4,0,0,1,0,0,0,0,0,0,0,0,0
Xander Bogaerts,2,4,0,0,0,0,0,0,0,0,0,0,2,0
Xander Bogaerts,1,3,0,0,0,0,1,1,0,0,0,0,0,0
Alec Bohm,0,3,0,0,0,0,0,2,0,0,0,0,0,0
David Bote,0,4,0,0,0,0,0,1,0,0,0,0,0,0
Jackie Bradley Jr,1,5,1,0,0,0,0,4,0,0,0,0,1,0
Michael Brantley,2,5,0,0,0,0,0,0,0,0,0,0,0,0
Jay Bruce,0,4,0,0,0,0,0,2,0,0,0,0,0,0
Jeimer Candelario,3,5,0,0,2,0,0,2,0,0,0,0,1,0
Victor Caratini,0,2,0,0,0,0,1,0,0,0,0,0,0,0
Dylan Carlson,0,0,0,0,0,0,1,0,0,0,0,0,0,0
Matt Carpenter,0,4,0,0,0,0,0,2,0,0,0,0,0,0
Curt Casali,0,3,0,0,1,0,0,0,0,0,0,0,0,0
Nick Castellanos,0,4,0,0,0,0,0,1,0,0,0,0,0,0
Harold Castro,0,3,0,0,0,0,1,1,0,0,0,0,0,0
Jason Castro,1,3,1,1,2,0,1,1,0,0,0,0,0,0
Starlin Castro,1,5,0,0,0,0,0,0,0,0,0,0,1,0
Jake Cave,1,2,0,0,0,1,1,1,0,0,0,0,0,0
Jake Cave,0,2,0,0,0,0,1,1,0,0,0,0,0,0
Yu Chang,0,3,0,0,0,0,0,2,0,0,0,0,0,0
Jazz Chisholm_Jr.,2,4,1,1,3,1,1,2,0,0,0,0,0,0
Zack Collins,0,4,0,0,0,0,0,0,0,0,0,0,0,0
Michael Conforto,0,2,1,0,0,0,1,0,1,0,0,0,0,0
Garrett Cooper,0,1,0,0,0,0,0,1,0,0,0,0,0,0
Franchy Cordero,1,2,1,0,0,0,0,1,0,0,0,1,0,0
Franchy Cordero,0,2,1,0,1,0,1,2,0,0,0,0,0,0
Carlos Correa,1,4,0,0,0,0,0,0,0,0,0,0,0,0
Brandon Crawford,0,3,1,0,0,0,0,1,0,0,0,0,0,0
C.J. Cron,2,4,0,0,0,0,0,1,0,0,0,0,0,0
Jake Cronenworth,0,4,0,0,0,0,0,2,0,0,0,0,0,0
Nelson Cruz,1,2,0,0,0,0,0,0,1,0,0,0,1,0
Nelson Cruz,1,3,0,0,0,0,0,0,0,0,0,0,0,0
Charlie Culberson,2,3,0,0,0,0,1,1,0,0,0,0,0,0
Travis d'Arnaud,0,4,0,0,0,0,0,1,0,0,0,0,0,0
David Dahl,2,5,1,0,2,0,0,1,0,0,0,0,1,0
Bobby Dalbec,1,3,1,0,0,0,0,2,0,0,0,0,0,0
Ronnie Dawson,1,3,2,0,0,0,1,0,0,0,0,0,0,0
Yonathan Daza,1,1,1,0,0,0,0,0,0,0,0,0,0,0
Austin Dean,0,1,0,0,0,0,1,1,0,0,0,0,0,0
Rafael Devers,1,4,0,0,0,0,0,1,0,0,0,0,0,0
Rafael Devers,2,4,1,0,2,0,0,0,0,0,0,0,1,0
Aledmys Díaz,0,4,1,0,0,0,1,3,0,0,0,0,0,0
Yandy Díaz,2,4,0,0,0,0,0,0,0,0,0,0,0,0
Alex Dickerson,0,2,0,0,0,0,0,2,0,0,0,0,0,0
Corey Dickerson,1,4,1,0,0,0,0,3,1,0,0,0,0,0
Wilmer Difo,0,1,0,0,0,0,0,0,0,0,0,0,0,0
Josh Donaldson,1,2,1,0,0,0,1,0,0,0,0,0,0,0
Hunter Dozier,2,4,1,0,0,0,0,0,0,0,0,0,0,0
Mauricio Dubón,1,2,0,0,1,0,0,1,0,0,0,0,0,0
Adam Duvall,1,5,0,0,0,0,0,4,0,0,0,0,0,0
Jarrod Dyson,1,1,0,0,0,1,0,0,0,0,0,0,0,0
Adam Eaton,1,4,1,0,0,0,0,1,1,0,0,0,0,0
Tommy Edman,1,3,0,0,0,0,1,0,0,0,0,0,1,0
Phillip Evans,0,4,0,0,0,0,1,2,0,0,0,0,0,0
David Fletcher,1,5,0,0,0,0,0,1,0,0,0,0,0,0
Wilmer Flores,0,1,0,0,0,0,0,0,0,0,0,0,0,0
Dustin Fowler,1,4,1,0,0,0,0,2,0,0,0,0,0,0
Adam Frazier,3,5,1,0,2,0,0,0,0,0,0,0,2,0
Freddie Freeman,2,5,0,0,1,0,0,0,0,0,0,0,0,0
Josh Fuentes,0,1,0,0,0,0,0,0,0,0,0,0,0,0
Cam Gallagher,0,3,0,0,1,0,0,2,0,1,0,0,0,0
Joey Gallo,1,2,1,0,0,0,2,0,0,0,0,0,0,0
Ben Gamel,0,0,0,0,0,0,0,0,0,0,0,0,0,0
Adolis García,2,4,0,0,2,0,0,0,0,0,0,0,0,1
Avisaíl García,2,4,1,0,0,0,0,1,0,0,0,0,1,0
Leury García,1,3,2,0,1,0,1,1,0,0,0,0,1,0
Brett Gardner,0,3,1,0,0,0,1,0,0,0,0,0,0,0
Kyle Garlick,0,1,0,0,0,0,0,0,0,0,0,0,0,0
Kyle Garlick,0,1,0,0,1,0,0,0,0,1,0,0,0,0
Mitch Garver,1,4,0,0,0,0,0,2,0,0,0,0,0,0
Paul Goldschmidt,0,4,0,0,0,0,0,2,0,0,0,0,0,0
Yan Gomes,0,3,0,0,0,0,1,0,0,0,0,0,0,0
Erik González,1,2,0,0,1,0,0,0,0,0,0,0,0,0
Marwin Gonzalez,1,3,1,0,0,0,1,1,0,0,0,0,0,0
Marwin Gonzalez,0,2,0,0,0,0,0,1,0,0,0,0,0,0
Niko Goodrum,0,3,1,0,1,0,1,2,0,0,0,0,0,0
Didi Gregorius,0,1,0,0,0,0,0,0,0,0,0,0,0,0
Randal Grichuk,0,3,0,0,0,0,1,0,0,0,0,0,0,0
Trent Grisham,0,4,0,0,0,0,0,1,0,0,0,0,0,0
Robbie Grossman,2,4,1,0,1,0,0,0,1,0,0,0,1,0
Vladim Guerrero_Jr.,2,4,0,0,0,0,0,0,0,0,0,0,0,0
Luis Guillorme,0,4,0,0,0,0,0,1,0,0,0,0,0,0
Yuli Gurriel,2,3,0,0,2,0,2,0,0,0,0,0,1,0
Lourdes Gurriel_Jr.,1,4,0,0,0,0,0,1,0,0,0,0,0,0
Garrett Hampson,1,5,1,0,0,0,0,4,0,0,0,0,0,0
Ian Happ,0,3,0,0,0,0,0,2,1,0,0,0,0,0
Bryce Harper,0,4,0,0,0,0,0,3,0,0,0,0,0,0
Josh Harrison,2,3,0,0,1,0,2,0,0,0,0,0,0,0
Jonah Heim,0,3,1,0,0,0,1,1,0,0,0,0,0,0
Cesar Hernandez,0,3,0,0,0,0,0,0,0,0,0,0,0,0
Kiké Hernández,0,2,0,0,0,0,0,0,0,0,0,0,0,0
Kiké Hernández,1,4,0,0,0,0,0,2,0,0,0,0,0,0
Jason Heyward,2,3,0,0,0,0,0,0,0,0,0,0,1,0
Aaron Hicks,0,4,0,0,0,0,0,0,0,0,0,0,0,0
Kyle Higashioka,0,3,0,0,0,0,0,1,0,0,0,0,0,0
Sam Hilliard,0,4,0,0,0,0,0,2,0,0,0,0,0,0
Keston Hiura,0,1,1,0,0,0,2,1,1,0,0,0,0,0
Rhys Hoskins,1,4,0,0,0,0,0,1,0,0,0,0,0,0
Eric Hosmer,1,4,0,0,0,0,0,0,0,0,0,0,1,0
José Iglesias,0,4,0,0,0,0,0,0,0,0,0,0,0,0
Ender Inciarte,2,3,1,0,0,0,1,0,0,0,0,0,0,0
Jonathan India,0,2,0,0,0,0,1,0,0,0,0,0,0,0
Jon Jay,0,4,0,0,0,0,0,0,0,0,0,0,0,0
Ryan Jeffers,1,3,1,0,0,0,0,1,0,0,0,0,0,0
JaCoby Jones,0,2,0,0,0,0,1,2,0,0,0,0,0,0
Aaron Judge,3,4,2,2,2,0,0,0,0,0,0,0,0,0
Max Kepler,0,3,0,0,0,0,0,1,0,0,0,0,0,0
Max Kepler,0,3,0,0,0,0,0,2,0,0,0,0,0,0
Ha-Seong Kim,2,3,0,0,0,0,0,1,0,0,0,0,0,0
Isiah Kiner-Falefa,0,4,1,0,0,0,1,1,0,0,0,0,0,0
Alex Kirilloff,0,2,0,0,0,0,0,0,0,0,0,0,0,0
Alex Kirilloff,0,1,0,0,0,0,0,1,0,0,0,0,0,0
Alejandro Kirk,1,3,1,1,2,0,0,1,1,0,0,0,0,0
Andrew Knapp,0,1,0,0,0,0,0,1,0,0,0,0,0,0
Andrew Knizner,0,0,0,0,0,0,0,0,0,0,0,0,0,0
Tommy La Stella,1,3,0,0,0,0,0,1,0,0,0,0,0,0
Francisco Lindor,2,4,2,0,0,0,1,0,0,0,0,0,0,0
Evan Longoria,0,0,1,0,0,0,1,0,0,0,0,0,0,0
Nicky Lopez,0,4,0,0,0,0,0,0,0,0,0,0,0,0
Brandon Lowe,1,4,1,1,1,0,0,1,0,0,0,0,0,0
Nate Lowe,2,4,1,1,1,0,0,0,0,0,0,0,0,0
Jordan Luplow,0,4,0,0,0,0,0,2,0,0,0,0,0,0
Gavin Lux,0,2,0,0,1,0,0,1,0,1,0,0,0,0
Manny Machado,0,3,1,0,0,0,1,0,0,0,0,0,0,0
Nick Madrigal,3,4,1,0,1,0,0,0,0,0,0,0,0,0
Manuel Margot,2,4,0,0,0,0,0,1,0,0,0,0,0,0
Jake Marisnick,0,1,0,0,0,0,0,1,0,0,0,0,0,0
Starling Marte,1,5,2,0,0,0,0,3,0,0,0,0,0,0
J.D. Martinez,0,3,0,0,0,0,1,2,0,0,0,0,0,0
J.D. Martinez,0,2,1,0,0,0,2,1,0,0,0,0,0,0
Jorge Mateo,0,1,0,0,0,0,0,0,0,0,0,0,0,0
Nomar Mazara,0,2,0,0,0,0,0,0,0,0,0,0,0,0
James McCann,3,4,1,1,2,0,0,0,0,0,0,0,0,0
Andrew McCutchen,0,4,0,0,0,0,0,1,0,0,0,0,0,0
Billy McKinney,0,3,1,0,1,0,1,0,0,0,0,0,0,0
Zach McKinstry,2,4,1,1,1,0,0,0,0,0,0,0,0,0
Ryan McMahon,1,4,0,0,0,0,0,0,0,0,0,0,1,0
Jeff McNeil,1,3,0,0,0,0,0,1,1,0,0,0,0,0
Austin Meadows,1,4,0,0,0,0,0,0,0,0,0,0,0,0
Yermín Mercedes,3,5,1,1,3,0,0,0,0,0,0,0,0,0
Whit Merrifield,1,4,1,0,1,0,0,0,0,1,0,1,0,0
Yadier Molina,1,4,0,0,0,0,0,1,0,0,0,0,0,0
Yoán Moncada,1,4,1,0,2,0,0,1,1,0,0,0,0,0
Colin Moran,1,4,0,0,1,0,0,1,0,0,0,0,0,0
Mike Moustakas,1,3,0,0,0,0,0,1,0,0,0,0,1,0
Max Muncy,0,3,0,0,0,0,1,1,0,0,0,0,0,0
Wil Myers,0,1,0,0,0,0,0,0,0,0,0,0,0,0
Tyler Naquin,0,3,0,0,0,0,0,1,0,0,0,0,0,0
Omar Narváez,1,3,1,0,1,0,0,0,0,1,0,0,0,0
Josh Naylor,0,3,0,0,0,0,0,0,0,0,0,0,0,0
Kevin Newman,0,2,0,0,0,0,1,0,0,0,0,0,0,0
Brandon Nimmo,3,5,1,0,0,0,0,1,0,0,0,0,0,0
John Nogowski,0,1,0,0,0,0,0,0,0,0,0,0,0,0
Dom Nuñez,0,3,0,0,0,0,1,2,0,0,0,0,0,0
Renato Núñez,0,4,1,0,0,0,0,0,1,0,0,0,0,0
Rougned Odor,0,3,0,0,0,0,0,0,0,0,0,0,0,0
Shohei Ohtani,0,3,0,0,0,0,1,2,0,0,0,0,0,0
Marcell Ozuna,0,5,0,0,0,0,0,3,0,0,0,0,0,0
Josh Palacios,1,3,0,0,0,0,0,0,1,0,0,0,0,0
Joc Pederson,0,3,0,0,0,0,0,1,1,0,0,0,0,0
Michael Perez,0,2,1,0,0,0,1,1,1,0,0,0,0,0
Roberto Pérez,0,2,0,0,0,0,0,0,1,0,0,0,0,0
Salvador Perez,2,4,2,1,2,0,0,1,0,0,0,0,1,0
Tommy Pham,1,3,0,0,1,1,1,0,0,0,0,0,0,0
Kevin Pillar,0,1,0,0,0,0,0,0,0,0,0,0,0,0
Kevin Plawecki,1,3,0,0,0,0,0,0,0,0,0,0,0,0
Gregory Polanco,2,2,2,1,1,1,2,0,0,0,0,0,0,0
Jorge Polanco,1,3,0,0,2,0,0,1,0,0,0,0,0,0
Jorge Polanco,2,3,0,0,0,0,0,0,0,0,0,0,1,0
Jurickson Profar,1,4,0,0,0,0,0,1,0,0,0,0,0,0
Albert Pujols,0,3,0,0,0,0,0,0,1,0,0,0,0,0
Roman Quinn,0,3,0,0,0,0,0,1,0,0,0,0,0,0
Luke Raley,1,1,0,0,0,0,1,0,0,0,0,0,1,0
José Ramírez,0,3,0,0,0,0,0,0,0,0,0,0,0,0
Wilson Ramos,1,4,0,0,1,0,1,0,0,0,0,0,0,0
J.T. Realmuto,0,3,0,0,0,0,1,1,0,0,0,0,0,0
Hunter Renfroe,1,3,1,0,1,0,1,1,0,0,0,0,0,0
Franmil Reyes,0,3,0,0,0,0,0,0,0,0,0,0,0,0
Bryan Reynolds,1,5,0,0,0,0,0,4,0,0,0,0,0,0
JT Riddle,1,2,1,0,0,0,0,0,0,0,0,0,0,0
Austin Riley,1,4,0,0,0,0,0,1,0,0,0,0,0,0
Edwin Ríos,0,1,0,0,0,0,0,0,0,0,0,0,0,0
Anthony Rizzo,1,4,0,0,0,0,0,1,0,0,0,0,1,0
Luis Robert,2,5,1,0,1,0,0,0,0,0,0,0,1,0
Daniel Robertson,1,2,0,0,0,0,0,1,0,0,0,0,0,0
Victor Robles,0,3,0,0,0,0,1,3,0,0,0,0,0,0
José Rojas,1,4,0,0,0,0,0,0,0,0,0,0,1,0
Miguel Rojas,1,3,0,0,1,1,1,0,0,0,0,0,1,0
Austin Romine,0,3,0,0,0,0,0,1,0,0,0,0,0,0
Amed Rosario,0,3,0,0,0,0,0,1,0,0,0,0,0,0
Eddie Rosario,0,2,0,0,0,0,0,1,0,0,0,0,0,0
Miguel Sanó,0,1,0,0,0,0,0,1,0,0,0,0,0,0
Miguel Sanó,0,2,0,0,0,0,1,1,0,0,0,0,0,0
Gary Sánchez,1,4,0,0,0,0,0,1,0,0,0,0,0,0
Pablo Sandoval,0,1,0,0,0,0,0,1,0,0,0,0,0,0
Carlos Santana,1,2,1,1,2,0,2,1,0,0,0,0,0,0
Jonathan Schoop,1,3,2,0,0,0,1,1,0,0,0,1,0,0
Kyle Schwarber,0,5,0,0,0,0,0,3,0,0,0,0,0,0
Corey Seager,1,4,1,0,0,0,1,0,0,0,0,0,1,0
Jean Segura,2,3,1,1,1,0,0,0,0,0,0,0,0,0
Marcus Semien,1,5,0,0,0,0,0,2,0,0,0,0,0,0
Nick Senzel,0,1,0,0,0,0,0,0,0,0,0,0,0,0
Travis Shaw,2,5,2,1,2,0,0,1,0,0,0,0,0,0
Austin Slater,1,3,1,0,1,0,0,2,0,0,0,0,1,0
Dominic Smith,3,5,0,0,1,0,0,2,0,0,0,1,0,0
Eric Sogard,1,4,0,0,0,0,0,0,0,0,0,0,0,0
Nick Solak,0,4,0,0,0,0,0,0,0,0,0,0,0,0
Donovan Solano,2,3,0,0,0,0,0,0,0,0,0,0,0,0
Jorge Soler,0,2,0,0,0,0,0,1,0,0,0,0,0,0
Edmundo Sosa,1,2,0,0,0,0,0,0,1,0,0,0,0,0
Juan Soto,2,5,2,0,1,0,0,1,0,0,1,0,0,0
Tyler Stephenson,1,3,0,0,0,0,0,1,0,0,0,0,0,0
Andrew Stevenson,0,0,1,0,0,0,1,0,0,0,0,0,0,0
Trevor Story,1,4,0,0,1,0,0,1,0,0,0,0,0,0
Myles Straw,1,5,0,0,0,0,0,1,0,0,0,0,0,0
Garrett Stubbs,0,0,0,0,0,0,0,0,0,0,0,0,0,0
Eugenio Suárez,0,4,0,0,0,0,0,2,0,0,0,0,0,0
Dansby Swanson,0,3,0,0,0,0,1,0,0,0,0,0,0,0
Raimel Tapia,2,4,0,0,0,0,1,1,0,0,0,0,0,0
Leody Taveras,0,4,0,0,0,0,0,1,0,0,0,0,0,0
Chris Taylor,0,1,0,0,0,0,0,1,0,0,0,0,0,0
Michael A.,2,4,1,0,0,1,0,1,0,0,0,0,0,0
Tyrone Taylor,0,1,0,0,0,0,0,1,0,0,0,0,0,0
Rowdy Tellez,2,4,2,0,0,0,0,0,0,0,0,0,0,0
Lane Thomas,0,4,0,0,0,0,0,1,0,0,0,1,0,0
Abraham Toro,0,3,0,0,0,0,1,0,0,0,0,0,0,0
Gleyber Torres,1,2,1,0,0,0,2,0,0,0,0,0,1,0
Ronald Torreyes,0,2,0,0,0,0,0,2,0,0,0,0,0,0
Alan Trejo,0,1,0,0,0,0,0,1,0,0,0,0,0,0
Mike Trout,2,4,1,0,0,0,0,1,0,0,0,0,1,0
Yoshi Tsutsugo,1,4,0,0,0,0,0,2,0,0,0,0,0,0
Kyle Tucker,0,5,0,0,0,0,0,1,0,0,0,0,0,0
Justin Turner,2,4,1,1,2,0,0,2,1,0,0,0,0,0
Trea Turner,2,4,1,0,1,0,1,0,0,0,0,0,2,0
Luis Urías,0,1,0,0,1,0,3,1,0,0,0,0,0,0
Gio Urshela,1,4,0,0,2,0,0,0,0,0,0,0,0,0
Ildemaro Vargas,0,1,0,0,0,0,0,0,0,0,0,0,0,0
Andrew Vaughn,1,4,1,0,0,0,0,1,0,0,0,0,1,0
Christian Vázquez,0,2,1,0,0,0,1,1,0,0,0,0,0,0
Alex Verdugo,2,4,0,0,0,0,0,0,0,0,0,0,0,0
Alex Verdugo,3,4,2,1,3,0,0,0,0,0,0,0,0,0
Jonathan Villar,0,1,0,0,0,0,0,0,0,0,0,0,0,0
Daniel Vogelbach,0,3,0,0,0,0,0,0,0,0,0,0,0,0
Joey Votto,1,4,0,0,0,0,0,0,0,0,0,0,0,0
Jared Walsh,1,3,0,0,1,0,0,1,1,0,0,0,1,0
Joey Wendle,1,4,0,0,0,0,0,0,0,0,0,0,1,0
Justin Williams,0,2,0,0,0,0,0,1,0,0,0,0,0,0
Jesse Winker,1,4,0,0,0,0,0,0,0,0,0,0,0,0
Mike Yastrzemski,0,2,0,0,0,0,2,1,0,0,0,0,0,0
Ryan Zimmerman,1,4,1,1,2,0,1,0,0,0,0,0,0,0
Mike Zunino,0,3,0,0,0,0,0,2,0,0,0,0,0,0
