José Abreu,0,3,0,0,0,0,1,3,0,0,0,2,0,0
Ronald Acuña_Jr.,2,5,2,1,2,0,0,1,0,0,0,0,0,0
Willy Adames,0,1,0,0,0,0,0,1,0,0,0,0,0,0
Ehire Adrianza,1,1,1,0,0,0,0,0,0,0,0,0,0,0
Jesús Aguilar,1,5,0,0,0,0,0,0,0,0,0,0,0,0
Nick Ahmed,0,4,2,0,1,1,1,1,0,0,0,0,0,0
Hanser Alberto,2,3,2,0,1,0,0,0,0,0,0,0,1,0
Ozzie Albies,0,3,0,0,1,0,1,2,1,0,0,0,0,0
Anthony Alford,1,1,1,0,0,0,0,0,0,0,0,0,0,0
Brian Anderson,0,4,0,0,0,0,1,3,0,0,0,0,0,0
Tim Anderson,2,5,1,0,0,0,0,1,0,0,0,0,0,0
Elvis Andrus,1,3,1,0,1,0,1,1,0,1,0,0,1,0
Randy Arozarena,0,4,0,0,0,0,1,0,0,0,0,0,0,0
Luis Arraez,4,5,1,0,2,0,0,0,0,0,0,0,0,0
Christian Arroyo,1,3,1,0,0,1,0,0,1,0,0,0,1,0
Willians Astudillo,0,3,0,0,0,0,0,0,0,0,0,0,0,0
Akil Baddoo,0,4,0,0,0,0,0,3,0,0,0,0,0,0
Jake Bauers,2,4,0,0,0,0,0,2,0,0,0,0,1,0
Matt Beaty,0,0,0,0,0,0,1,0,0,0,0,0,0,0
Josh Bell,1,4,1,0,2,0,0,1,0,1,0,0,1,0
Andrew Benintendi,1,4,0,0,1,0,0,0,0,0,1,0,1,0
Jon Berti,1,4,1,0,1,0,0,2,0,0,0,0,1,0
Mookie Betts,0,0,0,0,0,0,0,0,0,0,0,0,0,0
Bo Bichette,0,4,1,0,0,0,1,1,0,0,0,0,0,0
Cavan Biggio,0,2,0,0,0,0,0,1,0,0,0,2,0,0
Braden Bishop,0,0,1,0,0,0,0,0,0,0,0,0,0,0
Braden Bishop,0,0,0,0,0,0,0,0,0,0,0,0,0,0
Xander Bogaerts,1,3,0,0,0,0,1,1,0,0,0,1,0,0
Mike Brosseau,2,5,2,1,2,0,0,1,0,0,0,0,1,0
Asdrúbal Cabrera,0,6,0,0,0,0,0,1,0,0,0,0,0,0
Luis Campusano,0,3,0,0,0,0,1,0,0,0,0,0,0,0
Jeimer Candelario,1,4,1,0,0,0,0,1,0,0,0,1,0,0
Mark Canha,1,3,1,0,0,0,3,1,0,0,0,0,0,0
Harold Castro,1,1,0,0,0,0,0,0,0,0,0,0,0,0
Starlin Castro,1,3,1,1,2,0,1,1,0,0,0,1,0,0
Willi Castro,2,4,1,0,2,0,0,0,0,0,0,1,1,1
Jake Cave,0,3,1,0,0,0,0,1,0,0,0,0,0,0
Matt Chapman,1,5,0,0,2,0,0,3,0,0,0,0,1,0
Jazz Chisholm_Jr.,1,4,1,0,0,0,0,1,0,0,0,0,1,0
Garrett Cooper,1,5,0,0,1,0,0,1,0,0,0,0,0,0
Franchy Cordero,0,4,0,0,0,0,0,2,0,0,0,0,0,0
J.P. Crawford,1,3,0,0,2,0,0,0,0,0,0,0,1,0
J.P. Crawford,1,3,0,0,0,0,0,1,0,0,0,0,0,0
C.J. Cron,1,4,1,0,1,0,0,0,0,0,0,0,0,0
Jake Cronenworth,2,2,2,0,2,1,2,0,0,1,0,0,2,0
Nelson Cruz,1,5,0,0,0,0,0,2,0,0,0,0,0,0
Charlie Culberson,1,4,1,1,2,0,0,1,0,0,0,0,0,0
Travis d'Arnaud,0,1,0,0,0,0,0,1,0,0,0,0,0,0
Bobby Dalbec,0,3,0,0,0,0,0,2,0,0,0,1,0,0
Yonathan Daza,3,4,0,0,1,0,0,0,0,0,0,0,0,0
Rafael Devers,0,4,0,0,0,0,0,3,0,0,0,0,0,0
Elias Díaz,0,3,0,0,0,0,1,1,0,0,0,0,0,0
Yandy Díaz,0,2,0,0,0,0,3,0,0,0,0,0,0,0
Corey Dickerson,2,4,0,0,1,0,0,1,0,0,0,0,0,0
Wilmer Difo,1,1,0,0,0,0,0,0,0,0,0,0,0,0
Hunter Dozier,2,4,1,0,1,0,0,1,0,0,0,0,1,0
Adam Duvall,1,1,1,0,1,0,0,0,0,0,0,0,1,0
Jarrod Dyson,0,0,0,0,0,0,0,0,0,0,0,0,0,0
Adam Eaton,1,4,0,0,0,0,0,1,1,0,0,0,0,0
Eduardo Escobar,2,5,2,1,1,0,1,0,0,0,0,0,0,0
Dustin Fowler,0,3,0,0,0,0,1,1,0,0,0,0,0,0
Ty France,0,4,0,0,0,0,0,0,0,0,0,0,0,0
Ty France,1,3,0,0,0,0,1,1,0,0,0,0,0,0
Maikel Franco,1,2,1,0,0,0,1,0,0,0,0,0,0,0
Maikel Franco,0,3,0,0,0,0,0,1,0,0,0,0,0,0
Adam Frazier,1,5,1,0,0,0,0,1,0,0,0,0,1,0
Freddie Freeman,0,3,0,0,0,0,2,0,0,0,0,0,0,0
Josh Fuentes,1,4,1,0,0,0,0,1,0,0,0,0,0,0
Joey Gallo,1,3,1,0,0,0,2,2,0,0,0,0,0,0
Freddy Galvis,0,2,0,0,0,0,1,0,0,0,0,1,0,0
Freddy Galvis,1,3,1,1,1,0,0,0,0,0,0,0,0,0
Ben Gamel,0,1,0,0,0,0,0,0,0,0,0,0,0,0
Adolis García,1,5,1,1,2,0,0,1,0,0,0,0,0,0
Kyle Garlick,1,1,0,0,0,0,0,0,0,0,0,0,1,0
Mitch Garver,0,1,0,0,0,0,0,0,0,0,0,0,0,0
Andrés Giménez,1,4,1,0,1,0,0,2,0,0,0,1,1,0
Yan Gomes,0,4,0,0,0,0,0,0,0,0,0,0,0,0
Erik González,1,4,0,0,1,0,0,1,0,0,0,0,1,0
Marwin Gonzalez,0,0,1,0,0,0,1,0,0,0,0,0,0,0
Niko Goodrum,3,4,1,1,1,0,0,0,0,0,0,0,0,0
Yasmani Grandal,0,4,0,0,0,0,0,0,0,0,0,0,0,0
Randal Grichuk,0,4,0,0,0,0,0,1,0,0,0,0,0,0
Trent Grisham,2,5,2,0,0,1,0,2,0,0,0,0,0,0
Robbie Grossman,1,4,0,0,0,0,1,2,0,0,0,0,0,0
Vladim Guerrero_Jr.,3,5,2,1,1,0,0,1,0,0,0,0,1,0
Lourdes Gurriel_Jr.,2,3,1,0,0,0,1,0,0,0,0,0,0,0
Sam Haggerty,1,3,1,0,0,1,0,0,0,0,0,0,0,0
Garrett Hampson,1,5,1,1,1,0,0,2,0,0,0,0,0,0
Mitch Haniger,1,4,1,1,2,0,0,0,0,0,0,0,0,0
Mitch Haniger,2,4,1,1,1,0,0,0,0,0,0,0,0,0
Josh Harrison,2,4,2,1,2,0,0,0,0,0,0,1,0,0
Austin Hedges,0,3,0,0,0,0,0,2,0,0,0,0,0,0
Guillermo Heredia,0,1,1,0,0,0,2,1,1,0,0,0,0,0
Cesar Hernandez,2,4,1,0,0,0,0,1,0,0,0,0,0,0
Kiké Hernández,1,3,0,0,0,0,0,1,0,0,0,0,0,0
Eric Hosmer,2,5,1,0,2,0,0,0,0,0,1,0,1,0
Ender Inciarte,1,1,1,0,0,0,0,0,0,0,0,0,0,0
Kyle Isbel,0,0,0,0,0,0,0,0,0,0,0,0,0,0
Alex Jackson,0,4,0,0,0,0,0,3,0,0,0,0,0,0
Danny Jansen,0,3,0,0,0,0,0,1,0,0,0,0,0,0
Ryan Jeffers,1,4,1,0,0,0,0,2,0,0,0,0,0,0
JaCoby Jones,0,3,0,0,0,0,0,2,0,0,0,0,0,0
Carson Kelly,2,4,2,1,1,0,1,1,1,0,0,0,0,0
Tony Kemp,1,3,1,0,0,0,2,2,0,0,0,0,0,0
Max Kepler,1,5,0,0,1,0,0,2,0,0,0,0,0,0
Ha-Seong Kim,0,5,0,0,0,0,0,1,0,0,0,0,0,0
Isiah Kiner-Falefa,2,5,0,0,0,0,0,0,0,0,0,0,0,0
Alejandro Kirk,1,1,0,0,0,0,0,0,0,0,0,0,0,0
Jake Lamb,0,1,0,0,0,0,0,0,0,0,0,0,0,0
Ramón Laureano,0,4,1,0,1,0,1,1,0,0,0,0,0,0
Tim Locastro,1,5,1,0,0,0,0,0,1,0,0,0,0,0
Nicky Lopez,1,2,2,0,1,0,1,0,0,0,0,0,0,1
Brandon Lowe,0,4,0,0,0,0,1,2,0,0,0,0,0,0
Nate Lowe,1,3,0,0,0,1,1,0,1,0,0,0,0,0
Jed Lowrie,2,4,1,0,1,0,1,1,0,0,0,0,0,0
Gavin Lux,0,0,0,0,0,0,0,0,0,0,0,0,0,0
Manny Machado,1,3,1,1,3,0,1,0,0,1,0,0,0,0
Nick Madrigal,1,3,0,0,0,0,0,0,0,0,0,0,0,0
Trey Mancini,1,3,1,1,2,0,0,0,0,0,0,0,0,0
Trey Mancini,0,2,0,0,0,0,0,0,1,0,0,1,0,0
Tucupita Marcano,1,4,0,0,1,0,0,0,0,0,0,1,1,0
Manuel Margot,1,4,1,0,0,1,1,3,0,0,0,0,1,0
José Marmolejos,0,2,0,0,0,0,1,1,0,0,0,0,0,0
Starling Marte,1,3,1,1,1,0,2,0,0,0,0,0,0,0
Jorge Mateo,0,1,0,0,0,0,0,1,0,0,0,0,0,0
Wyatt Mathisen,1,2,1,0,2,0,2,0,1,0,0,0,0,0
Ryan McKenna,0,2,0,0,0,0,0,0,0,0,0,0,0,0
Ryan McKenna,0,0,0,0,0,0,0,0,0,0,0,0,0,0
Zach McKinstry,0,4,0,0,0,0,0,2,0,0,0,0,0,0
Ryan McMahon,2,4,2,1,1,0,0,1,0,0,0,0,1,0
Austin Meadows,1,5,0,0,1,0,0,2,0,0,0,0,0,0
Francisco Mejía,2,4,0,0,0,0,0,0,0,0,0,0,0,0
Yermín Mercedes,1,4,0,0,0,0,0,0,0,0,0,0,1,0
Jordy Mercer,1,1,1,0,0,0,0,0,0,0,0,0,0,0
Whit Merrifield,1,4,1,0,0,0,0,0,0,0,0,0,0,0
Yoán Moncada,1,4,0,0,1,0,0,1,0,0,0,0,0,0
Dylan Moore,1,3,1,0,0,0,0,2,0,0,0,0,0,0
Dylan Moore,1,3,1,1,1,0,0,0,0,0,0,0,0,0
Colin Moran,2,4,1,0,0,0,0,1,0,0,0,1,1,0
Mitch Moreland,0,1,0,0,0,0,0,0,0,0,0,0,0,0
Ryan Mountcastle,1,3,0,0,0,0,0,0,0,0,0,0,0,0
Ryan Mountcastle,0,3,0,0,0,0,0,1,0,0,0,0,0,0
Cedric Mullins,0,3,0,0,0,0,0,0,0,0,0,0,0,0
Cedric Mullins,0,3,0,0,0,0,0,2,0,0,0,0,0,0
Max Muncy,1,3,1,1,3,0,1,1,0,0,0,0,0,0
Sean Murphy,0,3,0,0,1,0,2,0,0,0,0,0,0,0
Tom Murphy,0,3,0,0,0,0,0,1,0,0,0,0,0,0
Josh Naylor,1,4,1,0,0,0,0,2,0,0,0,0,0,0
Kevin Newman,0,4,0,0,0,0,0,0,0,0,0,0,0,0
Renato Núñez,1,4,1,0,0,0,0,2,0,0,0,0,1,0
Matt Olson,1,3,2,1,1,0,2,0,0,0,0,0,0,0
Marcell Ozuna,0,4,0,0,0,0,0,1,0,0,0,0,0,0
Josh Palacios,0,3,0,0,1,0,0,0,0,1,0,0,0,0
Joe Panik,1,2,1,0,2,0,0,0,0,0,0,0,1,0
Michael Perez,1,1,0,0,0,0,0,0,0,0,0,0,0,0
Salvador Perez,0,4,0,0,0,0,0,1,0,0,0,0,0,0
Brett Phillips,0,2,1,0,0,0,2,1,0,0,0,0,0,0
Stephen Piscotty,1,4,1,1,1,0,0,1,0,0,0,0,0,0
Gregory Polanco,1,4,0,0,0,0,0,2,0,0,0,0,0,0
Jorge Polanco,0,3,0,0,0,0,1,0,1,0,0,0,0,0
AJ Pollock,2,4,0,0,0,0,0,1,0,0,0,0,0,0
Jurickson Profar,2,4,2,0,0,1,1,0,0,0,0,0,1,0
Luke Raley,0,4,0,0,0,0,0,1,0,0,0,0,0,0
José Ramírez,1,4,1,1,2,1,0,0,0,0,0,0,0,0
Wilson Ramos,0,4,0,0,0,0,0,0,0,0,0,0,0,0
Hunter Renfroe,0,2,1,0,0,0,2,1,0,0,0,0,0,0
Franmil Reyes,0,4,0,0,0,0,0,2,0,0,0,0,0,0
Bryan Reynolds,0,4,0,0,0,0,0,0,0,0,0,0,0,0
JT Riddle,0,3,0,0,0,0,0,0,0,0,0,0,0,0
Austin Riley,0,4,1,0,0,0,0,1,0,0,0,0,0,0
Edwin Ríos,0,3,0,0,0,0,1,0,0,0,0,0,0,0
Luis Robert,2,3,1,0,0,0,1,0,0,0,0,0,0,1
Victor Robles,0,2,0,0,0,0,0,1,0,0,0,0,0,0
Josh Rojas,0,1,0,0,0,0,0,0,0,0,0,0,0,0
Miguel Rojas,0,0,1,0,0,0,1,0,0,0,0,0,0,0
Amed Rosario,0,4,0,0,0,0,0,2,0,0,0,0,0,0
Eddie Rosario,1,3,0,0,0,2,1,1,0,0,0,0,0,0
Rio Ruiz,1,3,0,0,0,0,0,2,0,0,0,0,0,0
Miguel Sanó,1,2,1,1,1,0,2,0,0,0,0,0,0,0
Pablo Sandoval,1,1,1,1,3,0,0,0,0,0,0,0,0,0
Carlos Santana,0,4,0,0,0,0,0,1,0,0,0,0,0,0
Anthony Santander,0,3,0,0,0,0,0,3,0,0,0,0,0,0
Anthony Santander,0,2,0,0,0,0,1,0,0,0,0,0,0,0
Jonathan Schoop,0,3,0,0,1,0,0,0,0,1,0,0,0,0
Kyle Schwarber,0,4,0,0,0,0,1,2,0,0,0,0,0,0
Corey Seager,0,1,0,0,0,0,0,0,0,0,0,0,0,0
Kyle Seager,0,3,0,0,0,0,0,0,1,0,0,0,0,0
Kyle Seager,1,3,0,0,0,0,0,1,0,0,0,0,0,0
Marcus Semien,1,4,0,0,0,0,1,2,0,0,0,0,0,0
Pedro Severino,1,3,0,0,0,0,0,1,0,0,0,0,0,0
Magneuris Sierra,0,1,0,0,0,0,0,1,0,0,0,0,0,0
Chance Sisco,0,2,0,0,0,0,0,0,0,0,0,0,0,0
Pavin Smith,1,3,2,1,2,0,2,0,0,0,0,0,0,0
Will Smith,1,4,1,0,0,0,0,1,0,0,0,0,0,0
Nick Solak,3,5,2,1,2,0,0,1,0,0,0,0,0,0
Jorge Soler,2,4,1,0,0,0,0,1,0,0,0,0,1,0
Juan Soto,2,5,1,0,0,0,0,0,0,0,0,0,0,0
Jacob Stallings,0,3,0,0,0,0,1,1,0,0,0,0,0,0
Andrew Stevenson,1,3,0,0,0,0,0,1,0,0,0,0,0,0
DJ Stewart,0,1,0,0,0,0,0,1,0,0,0,0,0,0
DJ Stewart,1,2,0,0,0,0,1,0,0,0,0,0,0,0
Trevor Story,0,1,0,0,0,0,0,1,0,0,0,0,0,0
Dansby Swanson,3,4,0,0,1,0,0,0,1,0,0,0,1,0
Raimel Tapia,0,5,0,0,0,0,0,0,0,0,0,0,0,0
Leody Taveras,1,4,0,0,0,1,0,1,0,0,0,1,0,0
Chris Taylor,1,4,2,0,0,0,1,2,0,0,0,1,1,0
Michael A.,0,4,0,0,0,0,0,1,0,0,0,0,0,0
Rowdy Tellez,2,4,0,0,1,0,0,1,0,0,0,0,0,0
Luis Torrens,1,2,0,0,0,0,1,1,0,0,0,0,0,0
Luis Torrens,0,2,0,0,0,0,1,0,0,0,0,0,0,0
Taylor Trammell,0,3,0,0,0,1,0,1,0,0,0,0,0,0
Taylor Trammell,0,3,0,0,0,0,0,0,0,0,1,0,0,0
Alan Trejo,1,3,0,0,0,0,1,0,0,0,0,0,0,0
Jose Trevino,1,5,1,0,0,0,0,1,0,0,0,1,0,0
Yoshi Tsutsugo,0,1,0,0,0,0,0,1,0,0,0,0,0,0
Justin Turner,3,3,2,1,3,0,1,0,0,0,0,0,1,0
Trea Turner,2,5,0,0,0,0,0,1,0,0,0,0,0,0
Ramón Urías,0,2,0,0,0,0,0,1,0,0,0,0,0,0
Josh VanMeter,0,1,0,0,0,0,0,1,0,0,0,0,0,0
Andrew Vaughn,0,4,0,0,0,0,0,2,0,0,0,0,0,0
Christian Vázquez,0,4,0,0,0,0,0,0,0,0,0,0,0,0
Alex Verdugo,1,4,0,0,3,0,0,0,0,0,0,0,1,0
Chad Wallach,1,3,1,0,1,0,1,1,0,0,0,0,0,0
Joey Wendle,1,5,0,0,0,0,0,1,0,0,0,0,0,0
Eli White,0,5,0,0,0,0,0,1,0,0,0,0,0,0
Evan White,0,0,0,0,0,0,0,0,0,0,0,0,0,0
Evan White,1,2,0,0,0,0,1,0,0,0,0,0,0,0
Andrew Young,1,2,1,1,4,0,0,0,2,0,0,1,0,0
Ryan Zimmerman,0,1,0,0,0,0,0,0,0,0,0,0,0,0
