Ronald Acuña_Jr.,1,4,1,0,2,0,1,0,0,0,0,0,0,0
Willy Adames,1,5,1,0,0,0,0,1,0,0,0,0,0,0
Ehire Adrianza,0,3,0,0,1,0,1,1,0,1,0,0,0,0
Jesús Aguilar,0,0,0,0,0,0,1,0,0,0,0,0,0,0
Nick Ahmed,1,1,0,0,0,0,0,0,0,0,0,0,0,0
Ozzie Albies,1,4,1,0,0,0,0,1,1,0,0,0,1,0
Jorge Alfaro,1,3,0,0,0,0,0,0,0,0,0,0,0,0
Brian Anderson,0,4,0,0,0,0,0,1,0,0,0,0,0,0
Elvis Andrus,0,3,0,0,0,0,0,1,0,0,0,0,0,0
Nolan Arenado,0,4,0,0,0,0,0,1,0,0,0,0,0,0
Randy Arozarena,1,4,1,0,1,0,1,0,0,0,0,0,1,0
Luis Arraez,0,3,0,0,0,0,1,0,0,0,0,0,0,0
Willians Astudillo,0,0,0,0,0,0,0,0,0,0,0,0,0,0
Alex Avila,0,3,0,0,0,0,0,0,0,0,0,0,0,0
Akil Baddoo,0,3,0,0,0,0,0,3,0,0,0,0,0,0
Javier Báez,0,2,1,0,0,1,0,1,2,0,0,0,0,0
Austin Barnes,0,1,0,0,0,0,0,1,0,0,0,0,0,0
Jake Bauers,1,2,0,0,0,0,1,0,0,0,0,0,0,0
Matt Beaty,0,1,0,0,0,0,0,1,0,0,0,0,0,0
Josh Bell,0,4,0,0,0,0,0,2,0,0,0,0,0,0
Brandon Belt,0,1,0,0,0,0,1,0,0,0,0,0,0,0
Jon Berti,0,1,0,0,0,0,0,0,0,0,0,0,0,0
Mookie Betts,1,6,2,0,0,0,1,1,0,0,0,1,0,0
Alex Blandino,0,1,0,0,0,0,0,1,0,0,0,0,0,0
Alec Bohm,1,4,1,0,0,0,0,3,0,0,0,0,0,0
David Bote,0,0,0,0,0,0,1,0,0,0,1,0,0,0
Jackie Bradley Jr,1,4,0,0,0,0,0,1,1,0,0,0,0,0
Michael Brantley,0,4,0,0,0,0,0,0,0,0,0,0,0,0
Mike Brosseau,1,5,1,0,1,0,0,2,0,0,0,0,1,0
Seth Brown,0,2,0,0,0,0,1,0,0,0,0,0,0,0
Kris Bryant,0,4,0,0,0,0,1,2,0,0,0,0,0,0
Asdrúbal Cabrera,0,4,0,0,0,0,0,1,0,0,0,0,0,0
Kole Calhoun,1,4,0,0,0,0,0,1,0,0,0,0,0,0
Johan Camargo,0,1,0,0,0,0,0,1,0,0,0,0,0,0
Luis Campusano,1,4,0,0,1,0,0,2,0,0,0,0,0,0
Jeimer Candelario,0,4,0,0,0,0,0,1,0,0,0,0,0,0
Mark Canha,0,4,0,0,0,0,0,3,0,0,0,0,0,0
Victor Caratini,0,2,0,0,0,0,1,2,0,0,0,0,0,0
Dylan Carlson,1,3,1,0,0,0,0,0,0,0,0,0,1,0
Matt Carpenter,0,3,0,0,0,0,0,0,0,0,0,0,0,0
Nick Castellanos,2,4,2,1,2,0,0,0,0,0,0,0,0,0
Jason Castro,0,3,0,0,0,0,1,1,0,0,0,0,0,0
Starlin Castro,1,3,0,0,0,0,0,0,0,0,0,0,0,0
Willi Castro,1,3,0,0,0,0,1,2,0,0,0,0,0,0
Jake Cave,0,4,0,0,0,0,0,3,0,0,0,0,0,0
Yu Chang,0,2,0,0,0,0,0,1,0,0,0,0,0,0
Matt Chapman,1,4,2,1,1,0,0,0,0,0,0,0,0,0
Jazz Chisholm_Jr.,2,3,1,1,1,0,0,1,0,0,0,0,0,0
Willson Contreras,2,4,1,1,1,0,0,1,1,0,0,0,0,0
Garrett Cooper,1,4,0,0,0,0,0,1,0,0,0,0,0,0
Carlos Correa,1,4,1,0,0,0,0,0,0,0,0,0,0,0
Brandon Crawford,0,3,0,0,0,0,0,1,0,0,0,0,0,0
J.P. Crawford,1,3,2,0,0,0,1,0,0,0,0,0,0,0
Jake Cronenworth,1,6,0,0,0,0,0,1,0,0,0,0,0,0
Nelson Cruz,1,4,0,0,0,0,0,1,0,0,0,0,0,0
Travis d'Arnaud,1,5,0,0,1,0,0,1,0,0,0,0,0,0
David Dahl,1,4,1,1,1,0,0,2,0,0,0,0,0,0
Ronnie Dawson,0,1,0,0,0,0,0,0,0,0,0,0,0,0
Alex De,2,4,2,0,1,0,0,2,0,0,0,0,0,0
Paul DeJong,1,3,0,0,0,0,0,1,0,0,0,0,0,0
Aledmys Díaz,1,3,0,0,2,0,0,0,1,0,0,0,0,0
Yandy Díaz,2,5,0,0,0,0,0,0,0,0,0,0,0,0
Alex Dickerson,1,2,0,0,0,0,0,0,0,0,0,0,0,0
Corey Dickerson,1,4,1,0,0,0,0,1,0,0,0,0,0,0
Wilmer Difo,0,1,0,0,0,0,0,1,0,0,0,0,0,0
Josh Donaldson,2,4,0,0,1,0,0,0,0,0,0,0,0,0
Matt Duffy,0,0,0,0,0,0,0,0,1,0,0,0,0,0
Adam Duvall,0,4,0,0,0,0,0,0,0,0,0,0,0,0
Tommy Edman,2,4,0,0,0,0,0,0,0,0,0,0,0,0
Eduardo Escobar,0,3,0,0,0,0,0,1,0,0,0,0,0,0
Phillip Evans,1,5,0,0,0,0,0,2,0,0,0,0,0,0
Kyle Farmer,1,2,1,0,0,0,1,0,1,0,1,0,0,0
David Fletcher,2,5,2,0,1,0,0,1,0,0,0,0,0,0
Wilmer Flores,1,2,0,0,0,0,0,0,0,0,0,0,0,0
Dustin Fowler,1,4,1,0,0,0,0,3,0,0,0,0,0,0
Ty France,2,4,1,0,2,0,0,1,0,1,0,0,1,0
Maikel Franco,1,4,0,0,0,0,0,2,0,0,0,1,1,0
Adam Frazier,2,5,1,0,2,0,0,0,0,0,1,0,0,1
Clint Frazier,0,3,0,0,0,0,0,3,0,0,0,0,0,0
Freddie Freeman,1,3,1,0,0,0,2,0,0,0,0,0,0,0
Joey Gallo,0,3,0,0,0,0,1,1,0,0,0,0,0,0
Freddy Galvis,2,3,2,0,0,0,0,1,0,0,0,0,1,1
Ben Gamel,1,1,0,0,0,0,0,0,0,0,0,0,1,0
Adolis García,0,4,0,0,0,0,0,3,0,0,0,0,0,0
Avisaíl García,1,3,0,0,0,0,1,0,0,0,1,0,0,0
Kyle Garlick,0,4,0,0,0,0,0,1,0,0,0,0,0,0
Mitch Garver,2,4,1,0,2,0,1,2,0,0,0,0,1,0
Andrés Giménez,1,4,1,0,0,1,1,1,0,0,0,0,0,0
Paul Goldschmidt,1,4,0,0,0,0,0,2,0,0,0,0,0,0
Erik González,0,1,0,0,0,0,0,1,0,0,0,0,0,0
Niko Goodrum,0,3,0,0,0,0,0,1,0,0,0,0,0,0
Didi Gregorius,1,4,1,0,0,0,0,0,0,0,0,0,0,0
Trent Grisham,1,4,0,0,0,0,2,0,0,0,0,0,0,0
Robbie Grossman,1,4,0,0,0,0,0,1,0,0,0,0,0,0
Yuli Gurriel,1,3,0,0,0,0,1,1,0,0,0,0,0,0
Sam Haggerty,0,0,0,0,0,0,0,0,0,0,0,0,0,0
Mitch Haniger,3,4,1,0,1,0,1,0,0,0,0,0,0,0
Ian Happ,1,3,0,0,0,0,2,0,0,0,0,0,0,0
Bryce Harper,1,3,1,0,2,0,1,0,0,0,0,0,1,0
Josh Harrison,2,3,0,0,0,0,0,0,0,0,1,0,0,0
Austin Hedges,0,1,0,0,0,0,0,1,0,0,0,0,0,0
Guillermo Heredia,0,2,1,0,0,0,0,2,0,0,0,0,0,0
Cesar Hernandez,1,4,0,0,0,0,1,0,0,0,0,0,0,0
Jason Heyward,1,4,0,0,0,0,0,3,0,0,0,0,0,0
Aaron Hicks,0,3,0,0,0,0,0,1,0,0,0,0,0,0
Kyle Higashioka,0,0,0,0,0,0,0,0,0,0,0,0,0,0
Keston Hiura,0,1,0,0,0,0,1,1,2,0,0,0,0,0
Rhys Hoskins,0,4,0,0,0,0,1,1,0,0,0,0,0,0
Eric Hosmer,2,6,0,0,1,0,0,3,0,0,0,1,0,0
Scott Hurst,0,1,0,0,0,0,0,0,0,0,0,0,0,0
José Iglesias,2,4,1,0,0,0,0,1,0,0,0,0,0,0
Ender Inciarte,1,2,0,0,0,0,0,0,0,0,0,0,0,0
Jonathan India,1,4,1,0,0,0,0,1,0,0,0,0,0,0
Taylor Jones,1,2,2,0,0,0,1,0,0,0,0,0,0,0
Aaron Judge,0,4,0,0,0,0,0,2,0,0,0,0,0,0
Carson Kelly,0,2,0,0,0,0,1,2,0,0,0,0,0,0
Max Kepler,2,3,1,0,0,0,1,0,0,0,0,0,0,0
Ha-Seong Kim,1,1,1,0,0,1,0,0,0,0,0,0,0,0
Isiah Kiner-Falefa,0,4,0,0,0,0,0,1,0,0,0,0,0,0
Tommy La Stella,0,1,0,0,0,0,0,0,0,0,0,0,0,0
Ramón Laureano,0,3,1,0,0,0,1,1,0,0,0,0,0,0
DJ LeMahieu,0,4,0,0,0,0,0,1,0,0,0,0,0,0
Tim Locastro,1,4,0,0,0,0,0,1,0,0,0,0,0,0
Evan Longoria,1,3,0,0,1,0,1,2,0,0,0,0,0,0
Brandon Lowe,1,3,0,0,2,0,1,1,1,0,0,0,1,0
Nate Lowe,0,4,0,0,0,0,0,2,0,0,0,0,0,0
Jed Lowrie,2,4,0,0,0,0,0,0,0,0,0,0,1,0
Jordan Luplow,1,1,1,1,1,0,0,0,0,0,0,0,0,0
Manny Machado,2,4,3,0,0,2,2,0,0,0,0,0,0,0
Trey Mancini,0,4,0,0,0,0,0,4,0,0,0,0,0,0
Manuel Margot,1,4,1,0,0,0,1,1,0,0,0,0,0,0
Jake Marisnick,0,1,0,0,0,0,0,1,0,0,0,0,0,0
José Marmolejos,0,2,0,0,0,0,1,2,0,0,0,0,0,0
Starling Marte,1,4,1,1,3,0,0,2,0,0,0,0,0,0
Jorge Mateo,0,0,0,0,0,0,0,0,1,0,0,0,0,0
Wyatt Mathisen,0,1,0,0,0,0,0,1,0,0,0,0,0,0
Chas McCormick,1,3,0,0,1,0,0,0,0,0,0,0,1,0
Andrew McCutchen,2,5,1,0,3,0,0,0,0,0,0,0,0,0
Ryan McKenna,0,0,0,0,0,0,0,0,0,0,0,0,0,0
Billy McKinney,0,2,0,0,0,0,0,0,0,0,0,0,0,0
Zach McKinstry,3,6,0,0,2,0,0,3,0,0,0,1,1,0
Austin Meadows,0,3,1,0,0,0,3,2,0,0,0,0,0,0
Yadier Molina,0,4,0,0,0,0,0,1,0,0,0,0,0,0
Mickey Moniak,0,3,1,0,0,0,1,1,0,0,0,0,0,0
Dylan Moore,0,2,0,0,0,0,2,1,0,0,0,1,0,0
Colin Moran,1,3,1,1,1,0,1,1,0,0,0,0,0,0
Mitch Moreland,2,4,0,0,1,0,0,0,0,0,0,0,0,0
Ryan Mountcastle,0,4,0,0,0,0,0,0,0,0,0,0,0,0
Cedric Mullins,2,4,1,0,1,0,0,2,0,0,0,0,1,0
Max Muncy,1,5,2,0,0,0,1,1,0,0,0,0,0,0
Sean Murphy,1,4,0,0,1,0,0,2,0,0,0,0,1,0
Tom Murphy,0,4,1,0,0,0,0,0,0,0,0,0,0,0
Wil Myers,2,6,1,0,0,0,0,2,0,0,0,0,0,0
Omar Narváez,0,4,0,0,0,0,0,1,0,0,0,0,0,0
Josh Naylor,3,4,0,0,0,0,0,0,0,0,0,0,1,0
Kevin Newman,1,4,1,0,0,0,0,0,0,0,0,0,0,0
John Nogowski,0,1,0,0,0,0,0,0,0,0,0,0,0,0
Renato Núñez,0,4,0,0,0,0,0,1,0,0,0,0,0,0
Rougned Odor,0,2,0,0,0,0,1,1,0,0,0,2,0,0
Shohei Ohtani,1,4,1,0,0,0,0,1,0,0,0,0,0,0
Matt Olson,2,4,0,0,0,0,0,1,0,0,0,0,0,0
Marcell Ozuna,3,5,0,0,1,0,0,1,0,0,0,0,0,0
Joc Pederson,1,5,0,0,0,0,0,1,0,0,0,0,0,0
David Peralta,0,3,0,0,0,0,0,1,0,0,0,0,0,0
Roberto Pérez,0,4,0,0,0,0,0,2,0,0,0,1,0,0
Jace Peterson,1,3,1,0,0,0,1,1,0,0,0,0,0,0
Tommy Pham,0,1,0,0,0,0,0,1,0,0,0,0,0,0
Brett Phillips,0,0,0,0,0,0,0,0,0,0,0,0,0,0
Gregory Polanco,1,4,1,1,2,0,0,0,0,0,0,0,0,0
Jorge Polanco,1,3,1,0,0,0,0,1,0,0,0,0,0,0
AJ Pollock,0,1,0,0,0,0,0,1,0,0,0,0,0,0
Buster Posey,0,4,0,0,0,0,0,0,0,0,0,0,0,0
Jurickson Profar,1,4,0,0,2,0,1,0,0,0,0,0,1,0
Albert Pujols,1,4,0,0,0,0,0,0,0,0,0,0,0,0
Roman Quinn,0,0,0,0,0,0,1,0,0,0,0,0,0,0
Luke Raley,2,6,1,1,2,0,0,1,0,0,0,0,0,0
José Ramírez,1,3,0,0,1,0,1,0,0,1,0,1,0,0
Wilson Ramos,1,3,0,0,0,0,0,0,0,0,0,0,0,0
J.T. Realmuto,1,3,1,1,2,0,0,1,1,0,0,0,0,0
Luis Rengifo,1,4,1,0,0,0,0,0,0,0,0,0,0,0
Victor Reyes,1,3,0,0,0,0,0,1,0,0,0,0,0,0
Bryan Reynolds,1,2,1,0,1,0,2,0,0,0,0,0,1,0
JT Riddle,1,1,0,0,0,0,0,0,0,0,0,0,0,0
Austin Riley,0,0,0,0,0,0,1,0,0,0,0,0,0,0
Anthony Rizzo,1,3,0,0,0,0,2,1,0,0,0,0,0,0
Daniel Robertson,0,1,0,0,0,0,0,1,0,0,0,0,0,0
Victor Robles,1,3,0,0,0,0,0,0,0,0,0,0,0,0
Josh Rojas,0,2,0,0,0,0,1,1,0,0,0,0,0,0
Miguel Rojas,1,3,0,0,0,0,0,0,0,0,0,0,1,0
Amed Rosario,1,3,1,1,1,0,1,0,0,0,0,0,0,0
Eddie Rosario,0,4,0,0,0,0,0,0,0,0,0,0,0,0
Darin Ruf,0,2,0,0,0,0,0,0,0,0,0,0,0,0
Rio Ruiz,1,3,1,1,1,0,1,0,0,0,0,0,0,0
Miguel Sanó,1,3,0,0,0,0,1,1,0,0,0,0,0,0
Gary Sánchez,0,3,0,0,0,0,0,2,0,0,0,0,0,0
Pablo Sandoval,0,0,0,0,0,0,0,0,0,0,0,0,0,0
Anthony Santander,0,3,0,0,1,0,0,1,0,1,0,0,0,0
Jonathan Schoop,0,3,0,0,0,0,0,1,0,0,0,0,0,0
Max Schrock,1,1,0,0,0,0,0,0,0,0,0,0,0,0
Kyle Schwarber,1,4,1,1,1,0,0,0,0,0,0,0,0,0
Corey Seager,1,5,1,1,2,0,1,0,0,0,0,0,0,0
Kyle Seager,1,4,0,0,2,0,0,2,0,0,0,0,1,0
Jean Segura,3,4,2,0,1,0,0,0,0,0,0,0,2,0
Nick Senzel,0,4,0,0,0,0,0,2,0,0,0,0,0,0
Pedro Severino,0,4,0,0,0,0,0,0,0,0,0,0,0,0
Travis Shaw,0,4,0,0,0,0,0,2,0,0,0,1,0,0
Magneuris Sierra,0,0,1,0,0,0,0,0,0,0,0,0,0,0
Austin Slater,0,3,0,0,0,0,1,0,0,0,0,0,0,0
Pavin Smith,0,1,0,0,0,0,0,0,0,0,0,0,0,0
Will Smith,0,3,1,0,0,0,2,0,1,0,0,0,0,0
Eric Sogard,0,3,0,0,1,0,0,2,0,1,0,0,0,0
Nick Solak,2,3,1,1,1,0,0,1,1,0,0,0,0,0
Donovan Solano,0,4,0,0,0,0,0,0,0,0,0,0,0,0
Edmundo Sosa,0,1,0,0,0,0,0,1,0,0,0,0,0,0
Juan Soto,0,3,0,0,0,0,1,0,0,0,0,0,0,0
Jacob Stallings,0,4,0,0,0,0,0,1,0,0,0,0,0,0
Giancarlo Stanton,1,4,1,1,2,0,0,2,0,0,0,0,0,0
Tyler Stephenson,1,2,1,0,2,0,1,1,1,0,0,0,0,0
DJ Stewart,1,4,1,1,2,0,0,1,0,0,0,0,0,0
Myles Straw,0,4,0,0,0,0,0,1,0,0,0,0,0,0
Eugenio Suárez,1,4,2,0,2,0,1,2,0,0,0,0,1,0
Kurt Suzuki,0,4,0,0,0,0,0,2,0,0,0,0,0,0
Dansby Swanson,0,2,0,0,0,0,3,0,0,0,1,0,0,0
Fernando Tatis_Jr.,1,6,1,1,1,0,0,2,0,0,0,2,0,0
Leody Taveras,0,3,0,0,0,0,0,2,0,0,0,0,0,0
Chris Taylor,1,6,2,0,1,0,0,2,0,0,0,0,0,0
Tyrone Taylor,1,2,0,0,1,0,1,1,0,0,0,0,1,0
Anderson Tejeda,0,3,0,0,0,0,0,2,0,0,0,0,0,0
Luis Torrens,0,1,0,0,0,0,0,0,0,0,0,0,0,0
Gleyber Torres,1,3,1,0,0,0,1,1,0,0,0,0,0,0
Taylor Trammell,1,4,0,0,0,0,0,1,0,0,0,0,0,0
Jose Trevino,1,4,0,0,0,0,0,1,0,0,0,0,0,0
Mike Trout,1,2,2,0,2,0,2,1,0,0,0,0,0,0
Kyle Tucker,0,1,0,0,0,0,0,0,0,0,0,0,0,0
Justin Turner,3,6,2,0,1,0,0,0,0,0,0,0,0,0
Trea Turner,0,3,0,0,0,1,1,1,0,0,0,0,0,0
Justin Upton,2,4,2,1,4,0,0,1,0,0,0,1,1,0
Luis Urías,1,4,0,0,0,0,0,1,0,0,0,0,1,0
Gio Urshela,1,3,0,0,0,0,0,1,0,0,0,1,0,0
Josh VanMeter,0,3,0,0,0,0,0,2,0,0,0,0,0,0
Daniel Vogelbach,0,1,0,0,0,0,0,1,0,0,0,0,0,0
Joey Votto,2,4,1,1,2,0,0,1,0,0,0,0,1,0
Jared Walsh,2,4,1,1,3,0,0,0,0,0,0,0,0,0
Joey Wendle,3,5,2,0,0,0,0,2,0,0,0,0,0,0
Evan White,2,4,1,1,1,0,0,2,0,0,0,0,0,0
Justin Williams,1,3,1,1,2,0,0,0,0,0,0,0,0,0
Jesse Winker,1,5,1,0,1,0,0,2,0,0,0,0,0,0
Mike Yastrzemski,2,4,1,0,0,0,0,1,0,0,0,0,1,1
Ryan Zimmerman,0,1,0,0,0,0,0,0,0,0,0,0,0,0
Mike Zunino,1,4,1,0,2,0,1,2,0,0,0,0,1,0
