Jose Abreu,2,4,0,0,1,0,0,1,0,0,0,0,1,0
Ronald Acuna_Jr.,2,4,2,0,0,0,1,0,0,0,0,0,0,0
Willy Adames,0,4,0,0,0,0,0,2,0,0,0,0,0,0
Ehire Adrianza,2,4,1,0,0,0,0,0,0,0,0,0,0,1
Jesus Aguilar,2,5,0,0,2,0,1,0,0,0,0,0,1,0
Nick Ahmed,0,4,0,0,0,0,0,2,0,0,0,0,0,0
Hanser Alberto,0,2,0,0,0,0,0,0,0,0,0,0,0,0
Hanser Alberto,1,3,0,0,0,0,0,1,0,0,0,1,0,0
Jorge Alfaro,2,6,0,0,3,0,0,2,0,0,0,0,1,0
Anthony Alford,1,3,0,0,0,0,1,0,0,0,0,1,0,0
Albert Almora_Jr.,0,0,1,0,0,0,0,0,0,0,0,0,0,0
Pete Alonso,2,4,1,1,2,0,0,2,0,0,0,0,0,0
Pete Alonso,0,3,0,0,0,0,0,3,0,0,0,0,0,0
Brian Anderson,2,5,0,0,0,0,1,1,0,0,0,0,1,0
Tim Anderson,1,5,1,0,0,1,0,3,0,0,0,0,0,0
Elvis Andrus,1,4,0,0,0,0,0,2,0,0,0,0,0,0
Nolan Arenado,1,4,2,1,2,0,1,2,0,0,0,0,0,0
Randy Arozarena,0,4,0,0,0,0,0,3,0,0,0,0,0,0
Christian Arroyo,1,3,1,0,0,0,1,1,0,0,0,0,0,0
Javier Baez,1,5,1,1,3,0,0,3,0,0,0,1,0,0
Austin Barnes,0,1,0,0,0,0,1,0,0,0,0,1,0,0
Tucker Barnhart,2,4,1,1,1,0,0,0,0,0,0,0,0,0
Jake Bauers,0,1,0,0,0,0,0,1,0,0,0,0,0,0
Josh Bell,0,5,0,0,0,0,0,1,0,0,0,0,0,0
Brandon Belt,2,5,1,1,2,0,0,0,0,0,0,0,1,0
Andrew Benintendi,1,3,0,0,1,0,0,0,0,0,0,0,1,0
Andrew Benintendi,0,4,1,0,1,0,0,2,0,0,0,0,0,0
Jon Berti,0,1,0,0,0,0,0,0,0,0,0,0,0,0
Mookie Betts,0,3,0,0,0,0,0,1,0,0,0,0,0,0
Bo Bichette,0,4,0,0,0,0,0,2,0,0,0,0,0,0
Bo Bichette,0,3,0,0,0,0,0,0,0,0,0,0,0,0
Cavan Biggio,0,0,0,0,0,0,0,0,0,0,0,0,0,0
Charlie Blackmon,1,3,0,0,0,0,0,2,0,0,0,0,1,0
Charlie Blackmon,1,2,1,0,1,0,0,0,1,0,0,0,0,0
Xander Bogaerts,4,5,0,0,2,0,0,1,0,0,0,1,1,0
Alec Bohm,1,4,0,0,2,0,0,2,0,1,0,1,0,0
David Bote,2,4,1,1,4,0,0,0,0,0,0,0,1,0
Jackie Bradley Jr,3,4,2,0,0,1,0,0,0,0,0,0,0,1
Michael Brantley,2,3,1,0,0,0,0,0,0,0,0,0,1,0
Mike Brosseau,1,3,1,0,0,0,1,0,0,0,0,0,0,0
Seth Brown,1,4,0,0,0,0,0,0,0,0,0,0,0,0
Kris Bryant,3,5,3,2,4,0,0,0,0,0,0,0,0,0
Asdrubal Cabrera,0,1,0,0,0,0,0,0,0,0,0,0,0,0
Kole Calhoun,1,3,1,1,1,0,1,1,0,0,0,0,0,0
Willie Calhoun,2,4,0,0,0,0,0,0,0,0,0,0,0,0
Johan Camargo,0,1,0,0,0,0,0,0,0,0,0,0,0,0
Jeimer Candelario,1,4,0,0,0,0,0,0,0,0,0,0,0,0
Mark Canha,1,2,3,1,1,1,1,0,1,0,0,0,0,0
Victor Caratini,0,2,0,0,0,0,0,2,0,0,0,0,0,0
Dylan Carlson,2,4,1,0,1,0,1,1,0,0,0,0,1,0
Matt Carpenter,0,1,0,0,0,0,0,1,0,0,0,0,0,0
Curt Casali,0,1,0,0,0,0,0,1,0,0,0,0,0,0
Nick Castellanos,1,4,0,0,0,0,1,2,0,0,0,0,0,0
Jason Castro,1,3,0,0,0,0,0,2,0,0,0,0,0,0
Starlin Castro,2,4,1,0,1,0,0,0,0,0,0,0,1,0
Willi Castro,0,4,0,0,0,0,0,1,0,0,0,0,0,0
Yu Chang,0,1,0,0,0,0,0,1,0,0,0,0,0,0
Matt Chapman,1,2,0,0,1,0,1,0,1,0,0,0,0,1
Jazz Chisholm_Jr.,2,3,2,0,0,0,2,0,1,0,0,1,0,0
Zack Collins,0,4,0,0,0,0,0,2,0,0,0,0,0,0
Michael Conforto,2,3,0,0,0,0,0,0,0,0,0,0,0,0
Michael Conforto,0,3,0,0,0,0,0,1,0,0,0,0,0,0
Willson Contreras,2,4,2,2,2,0,0,0,0,0,0,0,0,0
Garrett Cooper,0,0,0,0,0,0,0,0,1,0,0,0,0,0
Franchy Cordero,0,3,0,0,0,0,1,2,0,0,0,0,0,0
Carlos Correa,1,3,0,0,0,0,0,1,0,0,0,0,0,0
Brandon Crawford,2,4,1,0,1,0,0,1,0,0,0,0,0,0
J.P. Crawford,1,2,0,0,0,0,0,0,0,0,0,0,0,0
C.J. Cron,0,2,0,0,0,0,1,2,0,0,0,0,0,0
C.J. Cron,1,2,1,0,1,0,1,1,0,0,0,0,1,0
Jake Cronenworth,0,3,0,0,0,0,0,1,0,0,0,0,0,0
Charlie Culberson,0,4,0,0,0,0,0,2,0,0,0,1,0,0
Travis d'Arnaud,0,3,0,0,0,0,0,1,0,0,0,0,0,0
David Dahl,2,4,0,0,1,0,0,0,0,0,0,0,0,0
J.D. Davis,1,3,0,0,0,0,0,1,0,0,0,0,0,0
Jonathan Davis,2,3,2,1,1,1,0,0,0,0,0,0,0,0
Jonathan Davis,0,3,0,0,0,0,0,2,0,0,0,0,0,0
Yonathan Daza,0,0,0,0,1,0,0,0,0,1,0,0,0,0
Yonathan Daza,1,3,0,0,0,0,0,0,0,0,0,0,1,0
Austin Dean,0,2,1,0,0,0,2,1,0,0,0,0,0,0
Paul DeJong,1,4,1,1,1,0,1,1,0,0,0,0,0,0
Rafael Devers,1,3,0,0,1,0,1,1,0,1,0,0,0,0
Aledmys Diaz,1,3,0,0,0,0,0,0,0,0,0,0,0,0
Elias Diaz,0,3,0,0,0,0,0,2,0,0,0,0,0,0
Yandy Diaz,1,4,0,0,0,0,0,0,0,0,0,0,0,0
Alex Dickerson,0,3,0,0,0,0,0,2,0,0,0,0,0,0
Corey Dickerson,4,6,1,0,0,1,0,0,0,0,0,0,0,0
Wilmer Difo,0,2,0,0,0,0,0,1,0,0,0,0,0,0
Hunter Dozier,0,3,0,0,0,0,0,2,0,0,0,0,0,0
Hunter Dozier,0,3,0,0,0,0,0,1,0,0,0,0,0,0
Mauricio Dubon,0,2,0,0,0,0,0,0,0,0,0,0,0,0
Matt Duffy,0,1,0,0,0,0,0,0,0,0,0,0,0,0
Steven Duggar,0,2,0,0,0,0,0,1,0,0,0,0,0,0
Adam Duvall,1,6,1,0,1,0,0,3,0,0,0,0,0,1
Jarrod Dyson,2,3,1,0,0,0,0,1,0,0,0,0,0,1
Adam Eaton,1,3,1,0,1,0,2,1,0,0,0,0,1,0
Tommy Edman,1,4,0,0,0,0,1,0,0,0,1,0,0,0
Eduardo Escobar,1,3,1,1,1,0,1,1,0,0,0,0,0,0
Santiago Espinal,0,3,0,0,0,0,0,1,0,0,0,0,0,0
Santiago Espinal,0,0,0,0,0,0,0,0,0,0,0,0,0,0
Phillip Evans,0,4,0,0,0,0,0,1,0,0,0,0,0,0
Kyle Farmer,0,1,0,0,0,0,2,1,0,0,0,0,0,0
Wilmer Flores,0,1,0,0,0,0,0,0,0,0,0,0,0,0
Dustin Fowler,1,1,0,0,0,0,0,0,0,0,0,0,0,0
Ty France,1,3,0,0,0,0,0,1,0,0,0,0,0,0
Maikel Franco,3,5,2,1,2,0,0,1,0,0,0,0,0,0
Adam Frazier,2,4,0,0,0,0,0,0,0,0,0,0,0,0
Freddie Freeman,1,2,0,0,0,0,2,0,0,0,0,0,0,0
Josh Fuentes,0,3,1,0,0,0,0,2,0,0,0,0,0,0
Josh Fuentes,1,3,1,1,4,0,0,0,0,0,0,0,0,0
Cam Gallagher,1,3,0,0,0,0,0,0,0,0,0,0,1,0
Joey Gallo,0,3,0,0,0,0,1,1,0,0,0,0,0,0
Freddy Galvis,4,4,2,0,0,0,0,0,0,0,0,0,2,0
Adolis Garcia,1,4,0,0,0,0,0,2,0,0,0,0,0,0
Aramis Garcia,1,4,1,1,2,0,0,2,0,0,0,0,0,0
Avisail Garcia,1,3,1,0,2,0,0,0,0,1,0,0,0,0
Brett Gardner,0,4,0,0,0,0,0,1,0,0,0,0,0,0
Andres Gimenez,2,3,1,1,1,1,0,1,1,0,0,0,1,0
Paul Goldschmidt,2,4,2,0,0,0,1,0,0,0,0,0,0,0
Yan Gomes,3,4,2,1,2,0,0,0,0,0,0,0,0,0
Erik Gonzalez,1,4,0,0,0,0,0,0,0,0,0,0,0,0
Marwin Gonzalez,1,4,1,1,1,0,1,2,0,0,0,0,0,0
Niko Goodrum,0,3,0,0,0,0,0,3,1,0,0,0,0,0
Didi Gregorius,2,4,0,0,1,0,1,0,0,0,0,0,1,0
Grayson Greiner,0,3,0,0,0,0,0,1,0,0,0,0,0,0
Randal Grichuk,2,3,1,0,0,0,0,1,0,0,0,0,0,0
Randal Grichuk,0,0,0,0,0,0,0,0,0,0,0,0,0,0
Trent Grisham,1,2,0,0,0,1,1,0,0,0,0,0,0,0
Robbie Grossman,2,4,0,0,0,0,0,0,0,0,0,0,0,0
Vladim Guerrero_Jr.,2,3,2,1,1,0,0,0,0,0,0,0,0,0
Vladim Guerrero_Jr.,0,2,1,0,0,0,1,0,0,0,0,0,0,0
Luis Guillorme,0,0,0,0,0,0,0,0,0,0,0,0,0,0
Yuli Gurriel,0,3,0,0,0,0,0,0,0,0,0,0,0,0
Lourdes Gurriel_Jr.,1,3,0,0,2,0,0,0,0,0,0,0,1,0
Lourdes Gurriel_Jr.,0,2,0,0,1,0,0,0,0,1,0,0,0,0
Sam Haggerty,0,2,0,0,0,0,0,2,0,0,0,0,0,0
Garrett Hampson,2,4,2,0,0,0,0,1,0,0,0,0,1,0
Mitch Haniger,0,3,0,0,0,0,0,1,0,0,0,0,0,0
Ian Happ,1,5,0,0,0,0,0,2,0,0,0,0,0,0
Austin Hedges,0,3,0,0,0,0,1,3,0,0,0,0,0,0
Jonah Heim,0,3,0,0,0,0,0,2,0,0,0,0,0,0
Guillermo Heredia,0,4,0,0,0,0,0,1,0,0,0,0,0,0
Cesar Hernandez,0,4,0,0,0,0,1,1,0,0,0,0,0,0
Kike Hernandez,4,5,2,0,1,0,0,1,0,0,0,0,1,0
Jason Heyward,1,3,2,0,0,0,1,0,0,0,0,0,1,0
Aaron Hicks,1,4,0,0,0,0,0,1,0,0,0,0,0,0
Kyle Higashioka,0,2,0,0,0,0,0,0,0,0,0,0,0,0
Sam Hilliard,0,3,0,0,0,0,0,3,0,0,0,0,0,0
Keston Hiura,1,4,1,0,1,0,0,1,0,0,0,0,1,0
Brock Holt,0,2,0,0,0,0,1,1,0,0,0,0,0,0
Rhys Hoskins,3,5,3,0,0,0,0,2,0,0,0,0,1,0
Scott Hurst,0,2,0,0,0,0,0,1,0,0,0,0,0,0
Jonathan India,0,4,0,0,0,0,1,3,0,0,0,0,0,0
Alex Jackson,0,1,0,0,0,0,0,1,0,0,0,0,0,0
Danny Jansen,0,3,0,0,0,0,0,0,0,0,0,0,0,0
Danny Jansen,0,0,0,0,0,0,0,0,0,0,0,0,0,0
JaCoby Jones,1,3,0,0,0,0,0,1,0,0,0,0,0,0
Taylor Jones,1,3,0,0,1,0,0,0,0,0,0,0,0,0
Matt Joyce,0,3,0,0,0,0,0,2,0,0,0,0,0,0
Aaron Judge,1,4,0,0,1,0,0,2,0,0,0,0,1,0
Sean Kazmar_Jr.,0,1,0,0,0,0,0,0,0,0,0,0,0,0
Kevin Kiermaier,0,0,0,0,0,0,0,0,0,0,0,0,0,0
Isiah Kiner-Falefa,0,0,0,0,0,0,0,0,1,0,0,0,0,0
Alejandro Kirk,1,3,0,0,0,0,0,0,0,0,0,0,0,0
Alejandro Kirk,1,3,0,0,1,0,0,1,0,0,0,0,1,0
Andrew Knapp,0,1,0,0,0,0,0,0,0,0,0,0,0,0
Tommy La Stella,1,3,0,0,0,0,0,1,0,0,0,0,0,0
Ramon Laureano,0,4,0,0,0,0,0,2,0,0,0,0,0,0
DJ LeMahieu,2,4,1,0,1,0,1,2,0,0,0,0,0,0
Francisco Lindor,1,4,0,0,1,0,0,0,0,0,0,0,0,0
Francisco Lindor,0,2,1,0,0,0,1,0,0,0,0,0,0,0
Tim Locastro,1,2,0,0,0,0,0,1,0,0,1,0,0,0
Evan Longoria,1,4,1,0,0,0,0,1,0,0,0,0,1,0
Nicky Lopez,1,2,1,0,0,0,0,0,0,0,0,0,0,0
Nicky Lopez,0,0,0,0,0,0,0,0,0,0,0,0,0,0
Nate Lowe,1,4,1,0,0,0,0,0,0,0,0,0,0,0
Jordan Luplow,0,1,0,0,0,0,0,1,0,0,0,0,0,0
Manny Machado,1,3,0,0,0,0,0,0,0,0,0,0,0,0
Vimael Machin,1,4,1,0,0,0,0,1,0,0,0,0,0,0
Nick Madrigal,1,4,0,0,0,0,0,0,0,0,0,0,0,0
Trey Mancini,2,5,0,0,1,0,0,1,0,0,0,0,1,0
Manuel Margot,1,4,2,1,2,1,0,2,0,0,0,0,0,0
Jake Marisnick,0,1,0,0,0,0,0,0,0,0,0,0,0,0
Jose Marmolejos,1,2,0,0,0,0,0,0,0,0,0,0,0,0
Starling Marte,1,4,2,0,1,1,2,0,0,0,0,0,0,0
J.D. Martinez,1,4,1,0,1,0,1,1,0,0,0,0,0,0
Wyatt Mathisen,0,3,0,0,0,0,0,3,0,0,0,0,0,0
James McCann,1,3,0,0,0,0,0,0,0,0,0,0,0,0
Andrew McCutchen,1,3,0,0,0,0,2,1,0,0,0,0,0,0
Ryan McKenna,0,0,1,0,0,0,0,0,0,0,0,0,0,0
Billy McKinney,2,4,1,0,1,0,0,1,0,0,0,0,0,0
Zach McKinstry,0,2,1,0,0,0,0,2,1,0,0,0,0,0
Ryan McMahon,0,3,0,0,0,0,0,2,0,0,0,1,0,0
Ryan McMahon,1,4,1,0,0,0,0,2,0,0,0,0,0,0
Jeff McNeil,0,4,0,0,0,0,0,1,0,0,0,1,0,0
Jeff McNeil,1,3,0,0,2,0,0,0,0,0,0,0,1,0
Austin Meadows,0,3,1,0,0,0,1,2,0,0,0,0,0,0
Francisco Mejia,2,4,1,1,2,0,0,0,0,0,0,0,1,0
Yermin Mercedes,1,4,0,0,1,0,0,1,0,0,0,0,0,0
Jordy Mercer,1,4,0,0,0,0,0,0,0,0,0,0,0,0
Whit Merrifield,0,2,0,0,0,0,1,0,0,0,0,0,0,0
Whit Merrifield,1,4,0,0,0,0,0,0,0,0,0,0,1,0
Yadier Molina,3,5,2,2,4,0,0,1,0,0,0,0,1,0
Yoan Moncada,0,3,1,0,1,0,1,0,0,1,0,0,0,0
Mickey Moniak,0,2,0,0,0,0,0,2,0,0,0,0,0,0
Dylan Moore,0,2,0,0,0,0,0,0,0,0,0,0,0,0
Colin Moran,0,4,0,0,0,0,0,1,0,0,0,0,0,0
Mitch Moreland,0,3,0,0,1,0,1,1,0,0,0,0,0,0
Ryan Mountcastle,0,3,0,0,1,0,0,2,0,1,0,0,0,0
Cedric Mullins,1,5,0,0,1,0,0,2,0,0,0,0,0,0
Max Muncy,0,3,0,0,0,0,0,1,0,0,0,0,0,0
Wil Myers,0,2,0,0,0,0,1,0,0,0,0,0,0,0
Tyler Naquin,1,5,0,0,0,0,0,3,0,0,0,0,0,0
Omar Narvaez,1,2,1,0,0,0,1,0,1,0,0,0,0,0
Josh Naylor,0,3,0,0,0,0,1,1,0,0,0,1,0,0
Kevin Newman,0,4,0,0,0,0,0,0,0,0,0,0,0,0
Tomas Nido,0,0,0,0,0,0,0,0,0,0,0,0,0,0
Tomas Nido,0,2,0,0,0,0,0,0,0,0,0,0,0,0
Brandon Nimmo,2,3,0,0,0,0,0,0,0,0,0,0,0,0
Brandon Nimmo,1,3,1,0,0,0,0,0,0,0,0,0,0,0
John Nogowski,0,1,0,0,0,0,0,1,0,0,0,0,0,0
Dom Nunez,1,3,1,0,1,0,0,2,0,0,0,0,0,1
Rougned Odor,1,4,1,1,1,0,0,0,0,0,0,0,0,0
Matt Olson,2,3,2,1,1,0,1,0,0,0,0,0,0,0
Marcell Ozuna,1,3,0,0,2,0,1,1,0,0,0,0,0,0
Josh Palacios,1,2,1,0,0,0,0,0,0,0,0,0,0,0
Joe Panik,1,3,0,0,0,0,0,0,0,0,0,0,0,0
Mark Payton,0,1,0,0,0,0,0,0,0,0,0,0,0,0
Joc Pederson,0,2,2,0,0,0,2,1,1,0,0,0,0,0
David Peralta,1,4,0,0,0,0,0,0,0,0,0,0,0,0
Hernan Perez,0,0,0,0,0,0,1,0,0,0,0,0,0,0
Salvador Perez,0,3,0,0,0,0,0,1,0,0,0,0,0,0
Salvador Perez,2,4,1,1,1,0,0,1,0,0,0,0,0,0
Jace Peterson,1,4,0,0,1,0,0,2,0,0,0,0,0,0
Tommy Pham,0,2,0,0,0,0,0,1,0,0,0,0,0,0
Brett Phillips,0,3,0,0,0,0,0,2,0,0,0,0,0,0
Kevin Pillar,0,3,0,0,0,0,0,0,0,0,0,0,0,0
Kevin Plawecki,1,4,1,0,0,0,0,1,0,0,0,0,1,0
Buster Posey,1,2,1,0,0,0,0,0,1,0,0,1,0,0
Jurickson Profar,0,1,0,0,0,0,1,1,0,0,0,0,0,0
Roman Quinn,0,3,0,0,0,0,1,0,0,0,0,0,0,0
Luke Raley,1,3,0,0,0,0,0,1,0,0,0,0,0,0
Jose Ramirez,1,4,0,0,0,1,1,1,0,0,0,0,0,0
Wilson Ramos,0,4,0,0,0,0,0,2,0,0,0,0,0,0
J.T. Realmuto,0,3,0,0,1,0,1,2,1,0,0,0,0,0
Franmil Reyes,1,4,0,0,0,0,0,3,0,0,0,0,0,0
Victor Reyes,1,3,0,0,0,0,0,1,0,0,0,0,0,0
Bryan Reynolds,2,4,1,0,0,0,0,0,0,0,0,0,0,0
Austin Riley,0,2,0,0,1,0,1,0,0,1,0,0,0,0
Anthony Rizzo,3,4,2,0,0,0,0,1,0,0,0,0,0,1
Luis Robert,2,4,0,0,0,1,0,1,0,0,0,0,0,0
Victor Robles,1,2,0,0,0,0,0,0,0,0,0,0,0,0
Josh Rojas,0,0,0,0,0,0,1,0,0,0,0,0,0,0
Miguel Rojas,1,4,0,0,0,0,0,1,1,0,0,0,0,0
Austin Romine,0,1,0,0,0,0,0,0,0,0,0,0,0,0
Amed Rosario,1,5,1,0,0,0,0,1,0,0,0,0,0,0
Eddie Rosario,2,5,0,0,1,1,0,0,0,0,0,0,0,1
Darin Ruf,0,1,0,0,0,0,0,1,0,0,0,0,0,0
Rio Ruiz,0,4,0,0,0,0,0,2,0,0,0,0,0,0
Gary Sanchez,0,1,1,0,0,0,1,0,0,0,0,0,0,0
Pablo Sandoval,0,1,1,0,0,0,1,0,0,0,0,0,0,0
Carlos Santana,0,2,0,0,0,0,1,0,0,0,0,0,0,0
Carlos Santana,2,3,0,0,1,0,0,1,0,0,0,0,1,0
Anthony Santander,0,5,0,0,0,0,0,1,0,0,0,0,0,0
Jonathan Schoop,0,4,0,0,0,0,0,1,0,0,0,0,0,0
Max Schrock,0,2,0,0,0,0,0,0,0,0,0,0,0,0
Kyle Schwarber,3,4,1,0,0,0,0,0,0,0,0,0,1,0
Corey Seager,0,3,0,0,0,0,0,0,0,0,0,0,0,0
Kyle Seager,0,3,0,0,0,0,0,0,0,0,0,0,0,0
Jean Segura,1,3,1,0,0,0,0,0,0,0,0,0,0,0
Marcus Semien,0,3,0,0,1,0,0,1,0,1,0,0,0,0
Marcus Semien,0,3,0,0,0,0,0,1,0,0,0,0,0,0
Nick Senzel,0,0,1,0,0,0,0,0,0,0,0,0,0,0
Pedro Severino,1,4,0,0,0,0,0,0,0,0,0,0,0,0
Travis Shaw,1,4,0,0,0,0,0,1,0,0,0,0,0,0
Magneuris Sierra,0,0,1,0,0,0,0,0,0,0,0,0,0,0
Austin Slater,1,2,2,1,3,0,0,1,0,0,0,0,0,0
Dominic Smith,0,3,0,0,0,0,1,2,0,0,0,0,0,0
Dominic Smith,0,0,0,0,0,0,1,0,0,0,0,0,0,0
Pavin Smith,1,4,0,0,0,0,0,1,0,0,0,0,0,0
Eric Sogard,0,0,0,0,0,0,0,0,0,0,0,0,0,0
Nick Solak,1,4,0,0,0,0,0,0,0,0,0,0,0,0
Donovan Solano,2,2,0,0,0,0,0,0,0,0,0,0,1,0
Jorge Soler,0,1,0,0,0,0,1,0,1,0,0,0,0,0
Jorge Soler,0,3,0,0,0,0,0,1,0,0,0,0,0,0
Juan Soto,0,4,0,0,1,0,0,1,0,1,0,0,0,0
Jacob Stallings,0,4,0,0,1,0,0,0,0,0,0,0,0,0
Giancarlo Stanton,0,4,0,0,0,0,0,3,0,0,0,0,0,0
Tyler Stephenson,1,1,0,0,1,0,0,0,0,0,0,0,0,0
Andrew Stevenson,1,2,1,0,1,0,0,1,0,0,0,1,1,0
DJ Stewart,2,5,1,0,1,0,0,0,0,0,0,0,0,0
Trevor Story,0,3,0,0,0,0,0,2,0,0,0,0,0,0
Trevor Story,1,2,1,0,1,0,0,0,0,1,0,0,0,0
Myles Straw,2,2,0,0,0,0,0,0,0,0,0,0,0,0
Eugenio Suarez,0,5,1,0,0,0,0,2,0,0,0,0,0,0
Dansby Swanson,1,4,0,0,0,0,0,1,0,0,0,0,0,0
Raimel Tapia,1,3,1,1,1,0,0,1,0,0,0,0,0,0
Fernando Tatis_Jr.,0,3,0,0,0,0,0,3,0,0,0,0,0,0
Chris Taylor,0,3,0,0,0,0,0,2,0,0,0,0,0,0
Michael A.,0,3,0,0,0,0,0,2,0,0,0,0,0,0
Michael A.,0,0,0,0,0,0,0,0,0,0,0,0,0,0
Rowdy Tellez,2,3,0,0,0,0,0,0,0,0,0,1,0,0
Abraham Toro,1,3,0,0,0,0,0,0,0,0,0,0,0,0
Luis Torrens,0,2,0,0,0,0,0,0,0,0,0,0,0,0
Gleyber Torres,0,3,0,0,0,0,1,1,0,0,0,0,0,0
Ronald Torreyes,1,2,0,0,0,0,0,0,0,0,0,0,0,0
Kyle Tucker,1,3,0,0,0,0,0,0,0,0,0,0,0,0
Justin Turner,0,3,0,0,0,0,0,2,0,0,0,0,0,0
Trea Turner,3,5,0,0,0,1,0,1,0,0,0,1,0,0
Luis Urias,1,4,1,0,1,0,0,1,0,0,0,3,0,0
Gio Urshela,0,3,0,0,0,0,1,3,0,0,0,0,0,0
Josh VanMeter,1,4,0,0,0,0,0,1,0,0,0,0,0,0
Andrew Vaughn,1,3,1,0,0,0,1,1,0,0,0,0,0,0
Alex Verdugo,0,3,1,0,1,0,1,1,0,1,0,0,0,0
Jonathan Villar,1,1,1,0,1,0,0,0,0,0,0,0,1,0
Jonathan Villar,0,3,0,0,0,0,0,1,0,0,0,0,0,0
Daniel Vogelbach,0,1,0,0,0,0,0,0,0,0,0,0,0,0
Stephen Vogt,0,4,0,0,0,0,0,1,0,0,0,0,0,0
Joey Votto,2,3,0,0,0,0,2,0,0,0,0,0,0,0
Chad Wallach,0,1,0,0,0,0,0,0,0,0,0,0,0,0
Joey Wendle,1,4,1,1,2,0,0,1,0,0,0,1,0,0
Evan White,1,2,0,0,0,0,0,0,0,0,0,0,0,0
Justin Williams,1,4,0,0,0,0,1,2,0,0,0,1,0,0
Jesse Winker,3,5,0,0,1,0,0,0,0,0,0,0,2,0
Mike Yastrzemski,0,5,0,0,0,0,0,1,0,0,0,0,0,0
Andrew Young,0,1,0,0,0,0,0,1,0,0,0,0,0,0
Ryan Zimmerman,1,1,1,1,1,0,0,0,0,0,0,0,0,0
