José Abreu,1,3,1,0,0,0,0,0,0,0,0,0,0,0
José Abreu,0,4,0,0,1,0,0,0,0,0,0,0,0,0
Ronald Acuña_Jr.,0,2,1,0,0,0,1,1,0,0,0,0,0,0
Willy Adames,0,0,0,0,0,0,0,0,0,0,0,0,0,0
Ehire Adrianza,2,4,1,1,2,0,0,0,0,1,0,0,0,0
Jesús Aguilar,0,3,0,0,0,0,0,1,0,0,0,1,0,0
Nick Ahmed,0,5,0,0,0,0,0,2,0,0,0,0,0,0
Hanser Alberto,0,4,0,0,0,0,0,0,0,0,0,1,0,0
Jorge Alfaro,0,1,0,0,0,0,0,0,0,0,0,0,0,0
Anthony Alford,0,1,0,0,0,0,0,1,0,0,0,0,0,0
Albert Almora_Jr.,0,0,0,0,0,0,0,0,0,0,0,0,0,0
Pete Alonso,2,4,1,0,0,0,0,0,0,0,0,0,0,0
Brian Anderson,0,3,0,0,0,0,0,0,0,0,0,0,0,0
Tim Anderson,3,4,1,1,1,0,0,0,0,0,0,0,0,0
Elvis Andrus,0,3,0,0,0,0,0,1,0,0,0,0,0,0
Nolan Arenado,0,4,0,0,0,0,0,0,0,0,0,0,0,0
Christian Arroyo,1,3,0,0,0,0,0,0,0,0,0,0,0,0
Akil Baddoo,0,4,0,0,0,0,0,2,0,0,0,0,0,0
Javier Báez,2,4,0,0,1,1,0,2,0,0,0,0,1,0
Tucker Barnhart,1,3,0,0,0,0,1,1,0,0,0,0,0,0
Jake Bauers,0,1,0,0,0,0,0,0,0,0,0,0,0,0
Josh Bell,0,1,0,0,0,0,0,1,0,0,0,0,0,0
Brandon Belt,1,3,0,0,0,0,1,0,0,0,0,1,1,0
Jon Berti,0,1,0,0,0,0,0,1,0,0,0,0,0,0
Mookie Betts,0,3,0,0,0,0,1,0,0,0,0,0,0,0
Bo Bichette,1,4,0,0,0,1,0,1,0,0,0,0,0,0
Braden Bishop,0,0,0,0,0,0,0,0,0,0,0,0,0,0
Charlie Blackmon,1,3,0,0,1,0,0,0,0,0,0,0,0,0
Xander Bogaerts,0,3,0,0,0,0,0,1,0,0,0,0,0,0
Xander Bogaerts,1,3,0,0,0,0,0,0,0,0,0,0,1,0
Alec Bohm,0,3,0,0,1,0,0,0,0,1,0,0,0,0
David Bote,1,3,0,0,0,0,1,1,0,0,0,0,1,0
Jackie Bradley Jr,2,5,1,0,0,0,0,1,0,0,0,0,1,0
Michael Brantley,0,4,0,0,0,0,0,1,0,0,0,0,0,0
Mike Brosseau,0,4,0,0,0,0,0,3,0,0,0,0,0,0
Kris Bryant,1,3,1,0,0,0,1,0,0,0,0,0,0,0
Asdrúbal Cabrera,1,4,0,0,0,0,1,0,0,0,0,0,0,0
Kole Calhoun,0,1,0,0,0,0,0,0,0,0,0,0,0,0
Willie Calhoun,1,1,0,0,0,0,1,0,0,0,0,0,0,0
Johan Camargo,0,3,0,0,0,0,0,1,0,0,0,0,0,0
Jeimer Candelario,1,3,1,0,0,0,1,0,0,0,0,1,0,0
Mark Canha,1,3,1,0,0,0,1,2,0,0,1,0,0,0
Victor Caratini,0,2,0,0,0,0,1,0,0,0,0,0,0,0
Dylan Carlson,0,3,0,0,0,0,0,1,0,0,0,0,0,0
Matt Carpenter,0,3,0,0,0,0,0,3,0,0,0,1,0,0
Curt Casali,0,3,0,0,0,0,1,2,0,0,0,0,0,0
Nick Castellanos,0,4,0,0,0,0,0,2,0,0,0,0,0,0
Harold Castro,3,4,0,0,2,0,0,1,0,0,0,0,0,0
Jason Castro,0,2,0,0,0,0,0,0,1,0,0,0,0,0
Starlin Castro,2,4,0,0,0,0,0,1,0,0,0,0,0,0
Willi Castro,1,4,1,0,0,0,0,1,0,0,0,0,0,0
Yu Chang,2,3,1,0,0,0,0,0,0,0,0,0,0,0
Matt Chapman,0,4,0,0,0,0,0,3,0,0,0,0,0,0
Jazz Chisholm_Jr.,1,3,0,0,0,0,0,1,0,0,0,1,0,0
Zack Collins,0,2,0,0,0,0,1,1,0,0,0,0,0,0
Michael Conforto,2,4,1,0,0,0,0,1,0,0,0,0,1,0
Willson Contreras,1,5,0,0,0,0,0,1,0,0,0,0,0,0
Garrett Cooper,0,3,0,0,0,0,0,2,0,0,0,0,0,0
Franchy Cordero,0,1,0,0,0,0,0,0,0,0,0,0,0,0
Carlos Correa,0,4,1,0,0,0,0,0,0,0,0,0,0,0
Brandon Crawford,1,3,0,0,0,1,1,0,0,0,0,0,0,0
J.P. Crawford,0,2,1,0,0,0,1,2,0,0,0,0,0,0
C.J. Cron,0,3,0,0,0,0,0,1,0,0,0,1,0,0
Jake Cronenworth,1,4,1,1,1,0,0,1,0,0,0,0,0,0
Charlie Culberson,0,4,0,0,0,0,0,2,0,0,0,0,0,0
Travis d'Arnaud,2,5,2,1,3,0,0,0,0,1,0,0,1,0
David Dahl,0,4,0,0,0,0,0,2,0,0,0,0,0,0
Bobby Dalbec,2,3,0,0,0,0,0,1,0,0,0,0,1,0
Bobby Dalbec,1,1,0,0,0,0,0,0,0,0,0,0,0,0
J.D. Davis,1,4,0,0,1,0,0,2,0,0,0,0,0,0
Jonathan Davis,0,3,0,0,0,0,0,1,0,0,0,0,0,0
Ronnie Dawson,0,1,0,0,0,0,0,0,0,0,0,0,0,0
Yonathan Daza,0,1,0,0,0,0,0,0,0,0,0,0,0,0
Alex De,0,2,0,0,0,0,1,0,0,0,0,0,0,0
Austin Dean,0,1,0,0,0,0,0,1,0,0,0,0,0,0
Paul DeJong,1,3,0,0,0,0,0,2,0,0,0,0,0,0
Rafael Devers,1,3,0,0,0,0,0,0,0,0,0,1,0,0
Rafael Devers,0,3,0,0,0,0,0,1,0,0,0,0,0,0
Aledmys Díaz,1,4,0,0,1,0,0,0,0,0,0,0,1,0
Yandy Díaz,1,3,0,0,1,0,1,1,0,0,0,0,0,0
Alex Dickerson,1,3,0,0,1,0,0,1,0,0,0,0,0,0
Corey Dickerson,0,1,0,0,0,0,0,0,0,0,0,0,0,0
Wilmer Difo,0,1,0,0,0,0,0,1,0,0,0,0,0,0
Hunter Dozier,1,3,0,0,0,1,1,1,0,0,0,0,0,0
Mauricio Dubón,0,1,0,0,0,0,0,1,0,0,0,0,0,0
Matt Duffy,0,1,0,0,0,0,0,0,0,0,0,0,0,0
Steven Duggar,0,1,0,0,0,0,0,0,0,0,0,0,0,0
Adam Duvall,0,3,0,0,0,0,0,2,0,0,0,0,0,0
Jarrod Dyson,0,0,0,0,0,0,0,0,0,0,0,0,0,0
Adam Eaton,0,3,0,0,0,0,0,1,0,0,0,0,0,0
Tommy Edman,0,4,0,0,0,0,0,0,0,0,0,0,0,0
Eduardo Escobar,1,2,0,0,1,0,2,0,0,1,0,0,0,0
Phillip Evans,0,4,1,0,0,0,1,3,0,0,0,0,0,0
Kyle Farmer,0,3,0,0,0,0,0,1,0,0,0,0,0,0
Wilmer Flores,0,1,0,0,0,0,0,0,0,0,0,0,0,0
Dustin Fowler,0,1,0,0,0,0,1,0,0,0,0,0,0,0
Ty France,2,3,2,1,3,0,1,0,0,0,0,0,1,0
Maikel Franco,1,4,0,0,0,0,0,2,0,0,0,1,0,0
Adam Frazier,1,5,1,0,0,0,0,0,0,0,0,0,0,0
Clint Frazier,0,3,0,0,0,0,0,1,0,0,0,0,0,0
Freddie Freeman,2,4,2,1,1,0,2,0,0,0,0,0,1,0
Josh Fuentes,0,3,0,0,0,0,0,1,0,0,0,0,0,0
Freddy Galvis,0,4,0,0,0,0,0,1,0,0,0,0,0,0
Adolis García,0,4,0,0,0,0,0,1,0,0,0,0,0,0
Aramis Garcia,0,2,0,0,0,0,0,0,1,0,0,0,0,0
Avisaíl García,2,5,2,1,1,0,0,0,0,0,0,0,0,0
Leury García,0,3,0,0,0,0,0,1,0,0,0,0,0,0
Leury García,2,3,2,0,0,0,0,0,0,0,0,0,0,0
Andrés Giménez,0,0,0,0,0,0,0,0,0,0,0,0,0,0
Paul Goldschmidt,0,4,0,0,0,0,0,1,0,0,0,0,0,0
Yan Gomes,0,4,0,0,0,0,0,1,0,0,0,1,0,0
Erik González,2,5,0,0,0,0,0,1,0,0,0,0,1,0
Marwin Gonzalez,0,3,0,0,0,0,0,1,0,0,0,0,0,0
Niko Goodrum,0,4,0,0,0,0,0,2,0,0,0,0,0,0
Yasmani Grandal,1,3,0,0,1,0,0,0,0,0,0,0,1,0
Didi Gregorius,0,4,0,0,0,0,0,1,0,0,0,0,0,0
Randal Grichuk,0,4,0,0,0,0,0,4,0,0,0,0,0,0
Trent Grisham,0,0,0,0,0,0,0,0,0,0,0,0,0,0
Robbie Grossman,0,2,0,0,0,0,2,1,0,0,0,0,0,0
Vladim Guerrero_Jr.,0,3,0,0,0,0,1,1,0,0,0,0,0,0
Luis Guillorme,0,0,0,0,0,0,0,0,0,0,0,0,0,0
Yuli Gurriel,0,4,0,0,0,0,0,2,0,0,0,0,0,0
Garrett Hampson,0,3,0,0,0,0,0,2,0,0,0,0,0,0
Mitch Haniger,2,4,2,0,3,0,0,0,0,0,0,0,1,1
Ian Happ,1,5,0,0,0,0,0,2,0,0,0,0,0,0
Bryce Harper,3,3,1,1,1,0,1,0,0,0,0,0,1,0
Josh Harrison,0,4,0,0,0,0,0,0,0,0,0,0,0,0
Nick Heath,3,4,0,0,0,0,0,0,0,0,1,0,0,0
Guillermo Heredia,3,4,2,2,6,0,1,1,0,0,0,0,0,0
Cesar Hernandez,0,3,0,0,0,0,1,2,0,0,0,0,0,0
Kiké Hernández,1,3,1,1,1,0,0,0,0,0,0,0,0,0
Kiké Hernández,0,2,1,0,0,0,1,1,0,0,0,0,0,0
Jason Heyward,0,4,0,0,0,0,0,1,0,0,0,0,0,0
Aaron Hicks,0,4,0,0,0,0,0,0,0,0,0,1,0,0
Kyle Higashioka,0,1,0,0,0,0,2,0,0,0,0,0,0,0
Sam Hilliard,0,1,0,0,0,0,0,0,0,0,0,0,0,0
Keston Hiura,0,3,0,0,0,0,1,1,0,0,0,0,0,0
Rhys Hoskins,0,3,1,0,0,0,1,1,0,0,0,0,0,0
Eric Hosmer,2,4,1,0,2,1,0,0,0,0,0,0,1,0
Jonathan India,0,2,0,0,0,0,0,2,0,0,0,0,0,0
Kyle Isbel,2,3,0,0,0,0,1,0,0,0,0,0,0,0
Aaron Judge,0,4,0,0,0,0,0,3,0,0,0,0,0,0
Carson Kelly,1,3,1,1,1,0,2,2,0,0,0,0,0,0
Tony Kemp,1,3,0,0,0,1,0,0,0,0,0,0,0,0
Kevin Kiermaier,1,3,1,0,0,0,0,1,0,0,0,0,0,0
Ha-Seong Kim,0,1,0,0,0,0,0,1,0,0,0,0,0,0
Isiah Kiner-Falefa,0,4,0,0,0,0,0,3,0,0,0,0,0,0
Alejandro Kirk,0,2,0,0,0,0,2,0,0,0,0,0,0,0
Tommy La Stella,1,3,1,0,0,0,0,1,0,0,0,0,0,0
Jake Lamb,1,2,1,0,0,0,0,0,0,0,0,0,0,0
Ramón Laureano,1,4,0,0,1,0,0,1,0,0,0,0,0,1
DJ LeMahieu,1,4,0,0,1,0,0,1,0,0,0,0,0,0
Francisco Lindor,0,4,0,0,0,0,0,1,0,0,0,0,0,0
Evan Longoria,0,1,0,0,0,0,1,1,0,0,0,0,0,0
Nicky Lopez,1,4,0,0,0,1,0,0,0,0,0,0,1,0
Brandon Lowe,0,4,0,0,0,0,0,2,0,0,0,0,0,0
Nate Lowe,1,4,0,0,1,0,1,1,0,0,0,0,0,0
Jed Lowrie,0,4,0,0,0,0,0,1,0,0,0,0,0,0
Jordan Luplow,1,3,1,1,2,0,1,1,0,0,0,0,0,0
Manny Machado,3,4,1,0,0,0,0,0,0,0,0,0,0,0
Nick Madrigal,2,3,1,0,2,0,0,0,0,1,0,0,1,0
Trey Mancini,1,1,0,0,0,0,0,0,0,0,0,0,0,0
Manuel Margot,0,3,0,0,1,0,0,0,0,1,0,0,0,0
Jake Marisnick,0,1,0,0,0,0,0,1,0,0,0,0,0,0
José Marmolejos,0,3,0,0,0,0,1,2,0,0,0,0,0,0
Starling Marte,1,3,0,0,0,0,0,0,0,0,0,0,0,0
J.D. Martinez,1,3,1,0,0,0,0,0,0,0,0,0,0,0
J.D. Martinez,1,3,0,0,1,0,0,0,0,0,0,0,0,0
Jorge Mateo,0,4,0,0,0,0,0,1,0,0,0,0,0,0
James McCann,0,3,0,0,0,0,0,2,0,0,0,0,0,0
Chas McCormick,0,2,1,0,0,1,1,1,0,0,0,0,0,0
Andrew McCutchen,0,3,0,0,0,0,1,1,0,0,0,0,0,0
Ryan McKenna,0,0,0,0,0,0,0,0,0,0,0,0,0,0
Billy McKinney,0,4,0,0,0,0,0,0,0,0,0,0,0,0
Zach McKinstry,1,1,0,0,0,0,0,0,0,0,0,0,0,0
Ryan McMahon,0,4,0,0,0,0,0,0,0,0,0,0,0,0
Jeff McNeil,1,4,0,0,1,0,0,0,0,0,0,0,1,0
Austin Meadows,0,4,0,0,0,0,0,3,0,0,0,0,0,0
Danny Mendick,0,1,0,0,0,0,0,0,0,0,0,0,0,0
Danny Mendick,1,3,1,0,1,0,0,1,0,0,0,0,0,0
Yermín Mercedes,0,3,0,0,0,0,0,1,0,0,0,0,0,0
Yermín Mercedes,1,4,1,1,1,0,0,2,0,0,0,0,0,0
Jordy Mercer,0,1,0,0,0,0,0,1,0,0,0,0,0,0
Whit Merrifield,0,3,0,0,0,2,2,0,0,0,0,0,0,0
Yadier Molina,1,3,0,0,0,0,0,0,0,0,0,0,0,0
Yoán Moncada,1,3,0,0,1,0,0,1,0,0,0,0,0,0
Yoán Moncada,1,2,0,0,0,0,1,1,1,0,0,0,0,0
Mickey Moniak,0,3,0,0,0,0,1,3,0,0,0,0,0,0
Dylan Moore,0,3,0,0,0,0,1,3,0,0,0,0,0,0
Colin Moran,2,5,1,1,4,0,0,1,0,0,0,0,1,0
Mitch Moreland,0,1,0,0,0,0,0,0,0,0,0,0,0,0
Ryan Mountcastle,0,4,0,0,0,0,0,0,0,0,0,0,0,0
Cedric Mullins,0,4,0,0,0,0,0,0,0,0,0,0,0,0
Max Muncy,0,3,0,0,0,0,0,2,0,0,0,0,0,0
Sean Murphy,1,2,1,1,1,0,1,0,1,0,0,0,0,0
Tom Murphy,0,3,1,0,0,0,1,1,0,0,0,1,0,0
Wil Myers,0,1,0,0,0,0,0,0,0,0,0,0,0,0
Tyler Naquin,1,3,1,1,1,0,1,0,0,0,0,0,0,0
Omar Narváez,0,1,0,0,0,0,0,0,0,0,0,0,0,0
Josh Naylor,0,1,0,0,0,0,0,0,0,0,0,0,0,0
Sheldon Neuse,0,2,0,0,0,0,0,2,0,0,0,0,0,0
Kevin Newman,1,2,0,0,0,0,1,0,0,0,0,0,0,0
Brandon Nimmo,1,4,0,0,0,1,0,2,0,0,0,0,0,0
John Nogowski,0,1,0,0,0,0,0,0,0,0,0,0,0,0
Dom Nuñez,0,2,0,0,0,0,1,1,0,0,0,0,0,0
Renato Núñez,0,4,0,0,0,0,0,0,0,0,0,0,0,0
Rougned Odor,0,3,0,0,0,0,0,1,1,0,0,0,0,0
Matt Olson,1,4,1,0,0,0,0,1,0,0,0,0,1,0
Marcell Ozuna,2,4,2,0,1,0,2,1,0,0,0,0,0,0
Josh Palacios,0,3,0,0,0,0,0,0,0,0,0,0,0,0
Joe Panik,1,3,0,0,0,0,0,1,0,0,0,0,0,0
Mark Payton,1,1,1,0,0,0,0,0,0,0,0,0,0,0
Joc Pederson,2,3,1,0,0,0,1,0,0,0,0,0,0,1
David Peralta,2,4,1,0,0,0,1,0,0,0,0,0,1,0
Michael Perez,0,4,0,0,0,0,1,2,0,0,0,0,0,0
Roberto Pérez,1,4,1,1,3,0,0,2,0,0,0,0,0,0
Salvador Perez,1,5,1,1,2,0,0,2,0,0,0,0,0,0
Jace Peterson,0,1,0,0,0,0,0,0,0,0,0,0,0,0
Tommy Pham,1,3,0,0,2,0,1,2,0,0,0,0,1,0
Brett Phillips,0,0,0,0,0,0,0,0,0,0,1,0,0,0
Manny Piña,0,3,0,0,0,0,1,1,0,0,0,0,0,0
Kevin Plawecki,0,2,0,0,0,0,0,0,0,0,0,0,0,0
Gregory Polanco,0,5,0,0,0,0,0,2,0,0,0,0,0,0
AJ Pollock,0,3,0,0,0,0,0,2,0,0,0,0,0,0
Jurickson Profar,0,4,1,0,0,0,0,1,0,0,0,0,0,0
Roman Quinn,0,0,0,0,0,0,0,0,0,0,0,0,0,0
Luke Raley,0,0,0,0,0,0,0,0,0,0,0,0,0,0
José Ramírez,1,4,1,1,1,0,0,0,0,0,0,1,0,0
Wilson Ramos,1,4,0,0,0,0,0,2,0,0,0,0,0,0
J.T. Realmuto,1,3,0,0,0,0,1,2,0,0,0,0,0,0
Hunter Renfroe,1,3,0,0,1,0,0,0,0,0,1,0,0,0
Hunter Renfroe,0,3,0,0,0,0,0,3,0,0,0,0,0,0
Franmil Reyes,1,4,0,0,0,0,0,1,0,0,0,0,1,0
Victor Reyes,0,4,0,0,0,0,0,2,0,0,0,0,0,0
Bryan Reynolds,2,3,3,1,2,0,1,1,1,0,0,0,1,0
Austin Riley,2,3,2,0,0,0,0,0,2,0,0,1,0,0
Edwin Ríos,0,1,0,0,0,0,0,1,0,0,0,0,0,0
Anthony Rizzo,2,4,2,2,2,0,0,0,0,0,0,0,0,0
Luis Robert,0,3,0,0,0,0,0,1,0,0,0,0,0,0
Luis Robert,2,4,0,0,0,0,0,0,0,0,0,0,1,0
Daniel Robertson,0,4,0,0,0,0,0,2,0,0,0,0,0,0
Victor Robles,1,2,0,0,0,0,1,0,1,0,0,0,0,0
Josh Rojas,2,4,3,1,1,0,1,1,0,0,0,0,0,0
Miguel Rojas,1,4,0,0,0,0,0,0,0,0,1,0,0,0
Amed Rosario,1,4,1,0,0,0,0,0,0,0,0,0,0,0
Eddie Rosario,1,4,1,0,0,0,0,1,0,0,0,0,0,0
Rio Ruiz,0,3,0,0,0,0,0,1,0,0,0,0,0,0
Pablo Sandoval,0,1,0,0,0,0,0,1,0,0,0,0,0,0
Carlos Santana,2,4,1,0,0,0,1,0,0,0,0,0,0,0
Anthony Santander,1,4,0,0,0,0,0,1,0,0,0,0,1,0
Max Schrock,0,4,0,0,0,0,0,3,0,0,0,0,0,0
Kyle Schwarber,1,4,0,0,0,0,0,2,0,0,0,0,0,0
Corey Seager,0,4,0,0,0,0,0,2,0,0,0,1,0,0
Kyle Seager,0,4,0,0,0,0,0,2,0,0,0,2,0,0
Jean Segura,2,3,0,0,0,0,1,0,0,0,0,0,1,0
Marcus Semien,0,4,0,0,0,0,0,0,0,0,0,0,0,0
Nick Senzel,0,1,0,0,0,0,0,1,0,0,0,0,0,0
Travis Shaw,1,5,0,0,1,0,0,4,0,0,0,0,1,0
Chance Sisco,0,3,0,0,0,0,0,3,0,0,0,0,0,0
Austin Slater,1,4,0,0,0,0,0,1,0,0,0,0,0,0
Dominic Smith,0,4,0,0,0,0,0,0,0,0,0,0,0,0
Pavin Smith,1,5,0,0,1,0,0,0,0,0,0,0,1,0
Will Smith,1,4,1,0,0,0,0,1,0,0,0,0,0,0
Eric Sogard,0,1,0,0,0,0,0,0,0,0,0,0,0,0
Nick Solak,2,3,0,0,0,0,2,0,0,0,1,0,0,0
Donovan Solano,0,5,0,0,0,0,0,2,0,0,0,0,0,0
Jorge Soler,1,3,0,0,0,0,1,1,0,0,0,0,1,0
Juan Soto,0,2,0,0,0,0,2,0,0,0,0,0,0,0
Giancarlo Stanton,1,3,1,1,1,0,1,2,0,0,0,0,0,0
Andrew Stevenson,0,1,0,0,0,0,0,0,0,0,0,0,0,0
DJ Stewart,0,4,0,0,0,0,0,2,0,0,0,0,0,0
Trevor Story,2,4,1,0,0,0,0,0,0,0,1,0,1,0
Myles Straw,0,2,0,0,1,0,0,1,0,1,0,0,0,0
Eugenio Suárez,0,4,0,0,0,0,0,2,0,0,0,0,0,0
Dansby Swanson,1,4,1,0,0,0,1,1,1,0,0,0,0,0
Raimel Tapia,1,4,0,0,0,0,0,0,0,0,0,0,0,0
Fernando Tatis_Jr.,0,3,1,0,0,0,1,1,0,0,0,0,0,0
Leody Taveras,0,2,0,0,0,0,0,1,0,0,0,0,0,0
Chris Taylor,1,4,1,1,2,0,0,1,0,0,0,0,0,0
Michael A.,0,2,0,0,0,1,2,1,0,0,0,0,0,0
Tyrone Taylor,0,1,0,0,0,0,0,0,0,0,0,0,0,0
Rowdy Tellez,0,4,0,0,0,0,0,0,0,0,0,0,0,0
Ka'ai Tom,0,0,0,0,0,0,0,0,0,0,0,0,0,0
Abraham Toro,0,1,0,0,0,0,0,0,0,0,0,0,0,0
Gleyber Torres,0,4,0,0,0,0,0,1,0,0,0,0,0,0
Taylor Trammell,1,4,1,0,0,0,0,1,0,0,0,0,0,0
Jose Trevino,1,4,0,0,0,0,0,0,0,0,0,0,1,0
Yoshi Tsutsugo,1,4,0,0,1,0,0,1,0,0,0,0,1,0
Kyle Tucker,0,3,0,0,0,0,0,2,0,0,0,0,0,0
Justin Turner,0,3,0,0,0,0,1,3,0,0,0,0,0,0
Trea Turner,2,4,2,2,2,0,0,1,0,0,0,0,0,0
Ramón Urías,2,3,0,0,0,0,0,0,0,0,0,0,1,0
Gio Urshela,1,4,1,0,0,0,0,1,0,0,0,0,1,0
Josh VanMeter,0,1,0,0,0,0,0,0,0,0,0,0,0,0
Andrew Vaughn,1,3,0,0,0,0,0,1,0,0,0,0,1,0
Christian Vázquez,0,3,0,0,0,0,0,1,0,0,0,1,0,0
Alex Verdugo,1,3,0,0,0,0,0,1,0,0,0,0,0,0
Alex Verdugo,1,3,0,0,0,0,0,1,0,0,0,0,0,0
Daniel Vogelbach,2,5,2,2,3,0,0,2,0,0,0,0,0,0
Joey Votto,3,4,0,0,2,0,0,1,0,0,0,0,2,0
Chad Wallach,0,3,0,0,0,0,0,2,0,0,0,0,0,0
Joey Wendle,2,3,2,1,1,0,0,0,1,0,0,0,0,0
Eli White,0,3,1,0,0,0,1,1,0,0,0,0,0,0
Evan White,1,4,0,0,1,0,0,1,0,0,0,0,0,0
Justin Williams,0,3,0,0,0,0,0,2,0,0,0,0,0,0
Jesse Winker,1,5,1,0,0,0,0,2,0,0,0,2,0,0
Mike Yastrzemski,1,5,0,0,0,0,0,1,0,0,0,0,1,0
Ryan Zimmerman,0,4,0,0,0,0,0,3,0,0,0,0,0,0
Mike Zunino,1,3,1,0,0,0,0,1,0,0,0,0,0,0
